                 Mean     Median    St.Dev.  95%CI_low  95%CI_upp
p[1]       0.05475472 0.05317718 0.01569858 0.02868293 0.09012962
p[2]       0.05549617 0.05398570 0.01578282 0.02921599 0.09052092
p[3]       0.04618269 0.04470699 0.01535441 0.02111490 0.08078020
p[4]       0.05321690 0.05131092 0.01625871 0.02655458 0.08953320
p[5]       0.04293513 0.04112962 0.01580155 0.01777581 0.07939820
p[6]       0.04475531 0.04302308 0.01500388 0.02099609 0.07840291
p[7]       0.05690051 0.05556713 0.01561872 0.03022503 0.09151939
p[8]       0.04230265 0.04027967 0.01587747 0.01752575 0.07878415
p[9]       0.04328141 0.04163869 0.01500677 0.01893548 0.07692473
p[10]      0.04785573 0.04639335 0.01381469 0.02440984 0.07798740
p[11]      0.07041284 0.06949562 0.01515622 0.04379838 0.10235914
p[12]      0.04174350 0.03962542 0.01540236 0.01741628 0.07628902
p[13]      0.04192936 0.04024923 0.01362207 0.01954788 0.07273291
p[14]      0.04798326 0.04633321 0.01622487 0.02150649 0.08470016
p[15]      0.04278361 0.04103050 0.01559237 0.01803265 0.07805582
p[16]      0.04416822 0.04206354 0.01597949 0.01855615 0.07944508
p[17]      0.04390777 0.04190019 0.01571573 0.01891510 0.07913386
p[18]      0.04294570 0.04080634 0.01568363 0.01755914 0.07849582
p[19]      0.06119459 0.05952750 0.01657509 0.03342468 0.09777007
p[20]      0.04334756 0.04105419 0.01605568 0.01813116 0.08039137
p[21]      0.04316069 0.04117124 0.01596376 0.01785177 0.07968795
p[22]      0.04420977 0.04233588 0.01590255 0.01881990 0.08096453
p[23]      0.04241165 0.04022080 0.01625031 0.01733498 0.07939702
p[24]      0.04250373 0.04057225 0.01581960 0.01745346 0.07871032
p[25]      0.04196139 0.03979559 0.01594162 0.01739737 0.07866002
p[26]      0.04891653 0.04704487 0.01679000 0.02097070 0.08560452
p[27]      0.04184075 0.03952837 0.01648389 0.01669298 0.08052960
p[28]      0.04207417 0.04006296 0.01596943 0.01634925 0.07888174
p[29]      0.04366445 0.04205323 0.01556104 0.01850604 0.07943419
p[30]      0.04344427 0.04156967 0.01513883 0.01936234 0.07880799
p[31]      0.06921905 0.06743255 0.01852129 0.03769823 0.10966101
p[32]      0.04408356 0.04220002 0.01556137 0.01859074 0.07959393
p[33]      0.04784283 0.04586612 0.01631471 0.02154085 0.08421143
p[34]      0.04443669 0.04247337 0.01616721 0.01837162 0.08209113
p[35]      0.05407675 0.05198713 0.01758404 0.02580240 0.09275858
p[36]      0.04403163 0.04183879 0.01618071 0.01881029 0.08152482
p[37]      0.04735002 0.04585837 0.01557871 0.02178611 0.08242864
p[38]      0.04467023 0.04266237 0.01586427 0.01875485 0.08016281
p[39]      0.05401315 0.05238207 0.01609198 0.02747573 0.08919024
p[40]      0.04376609 0.04189171 0.01572664 0.01841176 0.07905799
p[41]      0.04448175 0.04260071 0.01604031 0.01887646 0.08230942
p[42]      0.04227873 0.04007104 0.01596286 0.01764020 0.07874640
p[43]      0.04419620 0.04224690 0.01571656 0.01886720 0.07859008
p[44]      0.04348547 0.04178476 0.01569868 0.01843887 0.07941276
p[45]      0.04302254 0.04115817 0.01613476 0.01782736 0.07915336
p[46]      0.04322817 0.04113829 0.01569425 0.01848045 0.07927621
p[47]      0.04253316 0.04070025 0.01546916 0.01716280 0.07824792
p[48]      0.05275199 0.05110461 0.01647625 0.02506665 0.08913915
p[49]      0.04289420 0.04111752 0.01573301 0.01774965 0.07813870
p[50]      0.04894886 0.04730224 0.01616580 0.02218297 0.08635527
p[51]      0.04331091 0.04153055 0.01548392 0.01853946 0.07856108
p[52]      0.04339697 0.04164850 0.01576527 0.01808314 0.07828410
p[53]      0.04256135 0.04071196 0.01530661 0.01862334 0.07773833
p[54]      0.05508364 0.05379576 0.01606405 0.02838457 0.09108955
p[55]      0.04305640 0.04116908 0.01575880 0.01748818 0.07932969
p[56]      0.04499738 0.04326668 0.01475301 0.02116392 0.07881315
p[57]      0.04279934 0.04075694 0.01568264 0.01753925 0.07860001
p[58]      0.04312707 0.04097677 0.01550443 0.01822774 0.07959377
p[59]      0.04404059 0.04242779 0.01569407 0.01848079 0.07948961
p[60]      0.05415345 0.05264090 0.01728373 0.02560348 0.09247900
p[61]      0.04462328 0.04297720 0.01576910 0.01957500 0.08071933
p[62]      0.04274406 0.04089354 0.01592070 0.01725901 0.08043253
p[63]      0.04426304 0.04229817 0.01579808 0.01900717 0.08024821
p[64]      0.04626898 0.04409890 0.01613702 0.01988471 0.08252514
p[65]      0.04423115 0.04255589 0.01591922 0.01817911 0.08094547
p[66]      0.04396096 0.04218703 0.01582434 0.01937722 0.08154764
p[67]      0.04173900 0.03978259 0.01554038 0.01719487 0.07782871
p[68]      0.04495894 0.04355234 0.01516979 0.01976465 0.07827393
p[69]      0.04273019 0.04075930 0.01540614 0.01811117 0.07725992
p[70]      0.04981118 0.04791368 0.01768622 0.02181594 0.09041963
p[71]      0.04454624 0.04263208 0.01592982 0.01869161 0.08164943
p[72]      0.04161916 0.03935493 0.01616217 0.01639948 0.07887711
p[73]      0.05070525 0.04901126 0.01629470 0.02419583 0.08847758
p[74]      0.04181322 0.03998696 0.01542933 0.01747557 0.07766451
p[75]      0.04213878 0.04039709 0.01504037 0.01820729 0.07576121
psi[1, 1]  0.65543483 0.69762716 0.23945234 0.13745455 0.98266924
psi[2, 1]  0.42595022 0.39046955 0.28056973 0.01400645 0.95201368
psi[3, 1]  0.45121739 0.43630191 0.28271645 0.01926568 0.95923634
psi[4, 1]  0.44646391 0.42438020 0.28345190 0.02381849 0.96410032
psi[5, 1]  0.42942611 0.39501802 0.28381681 0.01504538 0.96406393
psi[6, 1]  0.67206388 0.71360321 0.23326068 0.16865697 0.98598807
psi[7, 1]  0.67169201 0.71603089 0.23296100 0.16651553 0.98858434
psi[8, 1]  0.44410416 0.42010146 0.27864091 0.02263503 0.95418095
psi[9, 1]  0.42563858 0.39010697 0.27783735 0.02109758 0.96230012
psi[10, 1] 0.67577445 0.71564235 0.23660166 0.16421630 0.99068666
psi[11, 1] 0.67345464 0.71438009 0.23601978 0.16000783 0.99027973
psi[12, 1] 0.42836274 0.39823992 0.27701768 0.01612956 0.94894903
psi[13, 1] 0.39638477 0.35806678 0.27111479 0.01478453 0.94149640
psi[14, 1] 0.44595450 0.42296859 0.28163066 0.02049097 0.95768150
psi[15, 1] 0.43645869 0.40484027 0.28445014 0.02259100 0.96169202
psi[16, 1] 0.45594551 0.43479498 0.28585888 0.01922631 0.96508607
psi[17, 1] 0.45271721 0.43569230 0.28155007 0.02254792 0.96112117
psi[18, 1] 0.44260505 0.41605961 0.28619532 0.02022021 0.96878501
psi[19, 1] 0.36808130 0.32514032 0.26215099 0.01204160 0.92856879
psi[20, 1] 0.42538999 0.39717276 0.27670092 0.01404204 0.95594915
psi[21, 1] 0.44394321 0.41050283 0.28630218 0.01892198 0.96047491
psi[22, 1] 0.46684705 0.44964731 0.28064454 0.02261651 0.96524026
psi[23, 1] 0.41918311 0.38983137 0.27596914 0.01649571 0.94350908
psi[24, 1] 0.41997628 0.38845114 0.27603146 0.01757434 0.94787427
psi[25, 1] 0.40225707 0.36089701 0.27523105 0.01411814 0.95421297
psi[26, 1] 0.48558552 0.48325934 0.29030725 0.02537631 0.97689346
psi[27, 1] 0.41528973 0.38599225 0.27339485 0.02128417 0.94747841
psi[28, 1] 0.42448739 0.38898433 0.28051954 0.01724382 0.95118802
psi[29, 1] 0.45047916 0.42276442 0.28789005 0.02026941 0.96777212
psi[30, 1] 0.41860656 0.38330172 0.27742589 0.01672641 0.95864995
psi[31, 1] 0.44385464 0.41433973 0.28373846 0.01931131 0.96474416
psi[32, 1] 0.46212446 0.44736849 0.28245913 0.02458659 0.96511908
psi[33, 1] 0.44823313 0.42141628 0.28493729 0.02080095 0.95937653
psi[34, 1] 0.45491514 0.43587535 0.28509216 0.01901270 0.96690744
psi[35, 1] 0.46356854 0.45291760 0.29160589 0.01602850 0.97317621
psi[36, 1] 0.46441167 0.44484623 0.28911579 0.01840216 0.97029941
psi[37, 1] 0.45877592 0.43423202 0.28562118 0.02294059 0.97305038
psi[38, 1] 0.46197661 0.45040783 0.28288611 0.02339000 0.95915667
psi[39, 1] 0.40334417 0.36452995 0.26997429 0.01605571 0.93707838
psi[40, 1] 0.45546384 0.43584866 0.28958103 0.02016746 0.97255432
psi[41, 1] 0.47315118 0.46355077 0.28870614 0.01861862 0.96695652
psi[42, 1] 0.42947295 0.40183327 0.27732369 0.01939762 0.94812179
psi[43, 1] 0.44794916 0.41844249 0.28522046 0.01711138 0.96457545
psi[44, 1] 0.43393423 0.39740994 0.28080028 0.02172687 0.96320895
psi[45, 1] 0.43126520 0.39539337 0.27781773 0.01970931 0.95395897
psi[46, 1] 0.43844508 0.41349676 0.27742602 0.01922361 0.95808141
psi[47, 1] 0.42086487 0.38486326 0.27704265 0.01513928 0.95580638
psi[48, 1] 0.44031084 0.41849277 0.28226745 0.01961369 0.95954664
psi[49, 1] 0.45699536 0.43865251 0.28285498 0.01984522 0.96567600
psi[50, 1] 0.45755451 0.43439411 0.28773632 0.01723986 0.97175639
psi[51, 1] 0.45571390 0.43658268 0.28467531 0.01734488 0.96702410
psi[52, 1] 0.45976920 0.44009377 0.28730349 0.01850364 0.96158522
psi[53, 1] 0.45792134 0.43618048 0.28412304 0.01880915 0.96766943
psi[54, 1] 0.40748921 0.36708885 0.27809198 0.01563644 0.95526706
psi[55, 1] 0.43490732 0.40316162 0.28408192 0.01724321 0.96051991
psi[56, 1] 0.42465396 0.39183541 0.27649144 0.01970349 0.94702361
psi[57, 1] 0.42977982 0.39918381 0.28163295 0.01579470 0.95675502
psi[58, 1] 0.46308833 0.44203743 0.28465667 0.01956576 0.96703807
psi[59, 1] 0.46459650 0.43925113 0.28304358 0.01974679 0.97126014
psi[60, 1] 0.44449113 0.41892706 0.28437567 0.02111827 0.96899573
psi[61, 1] 0.46191573 0.44780136 0.28601388 0.01863267 0.96296383
psi[62, 1] 0.44106772 0.42257412 0.27441837 0.02321174 0.95119102
psi[63, 1] 0.46601538 0.45181983 0.28843394 0.02207327 0.96965800
psi[64, 1] 0.47295345 0.45747274 0.29220927 0.01947543 0.97295355
psi[65, 1] 0.45480472 0.43667389 0.28394379 0.01763415 0.95895206
psi[66, 1] 0.45724470 0.43635380 0.28149533 0.01876189 0.96249423
psi[67, 1] 0.42665842 0.38644001 0.27927496 0.01699091 0.95940757
psi[68, 1] 0.43842838 0.41213722 0.28009692 0.01946018 0.95355429
psi[69, 1] 0.45341722 0.43352343 0.28175758 0.01834225 0.95560993
psi[70, 1] 0.50244371 0.50261513 0.29045308 0.02619120 0.97690897
psi[71, 1] 0.44779007 0.42436445 0.28515722 0.01944153 0.96117823
psi[72, 1] 0.40972647 0.37028094 0.27920071 0.01729669 0.95590620
psi[73, 1] 0.41112762 0.37596518 0.27528618 0.01632971 0.94976242
psi[74, 1] 0.43184988 0.40311351 0.27944846 0.01720888 0.95971574
psi[75, 1] 0.41154668 0.37596645 0.27436190 0.01330870 0.94519254
psi[1, 2]  0.66295340 0.70428592 0.23706963 0.14884453 0.98664178
psi[2, 2]  0.66109779 0.70057170 0.23661741 0.14830470 0.98486380
psi[3, 2]  0.44482587 0.42048528 0.28170787 0.01809468 0.96659000
psi[4, 2]  0.41486657 0.38479332 0.27531338 0.01800121 0.95365366
psi[5, 2]  0.43243437 0.40854159 0.27903593 0.01990173 0.95687430
psi[6, 2]  0.43911883 0.40611221 0.28089082 0.02065160 0.95908503
psi[7, 2]  0.41549879 0.38188160 0.27837280 0.01784929 0.95459935
psi[8, 2]  0.42423750 0.39097497 0.27862441 0.01639340 0.95841574
psi[9, 2]  0.67030873 0.71424952 0.23809657 0.15605529 0.98783013
psi[10, 2] 0.67107075 0.71282656 0.23508323 0.16380406 0.98855233
psi[11, 2] 0.65963191 0.69698630 0.23572950 0.15832736 0.98761393
psi[12, 2] 0.42938756 0.39823714 0.27706692 0.01834481 0.95081870
psi[13, 2] 0.42043123 0.39092582 0.27508099 0.01722376 0.95621730
psi[14, 2] 0.46048329 0.44185691 0.28525334 0.01784676 0.96618805
psi[15, 2] 0.44120848 0.41401630 0.28506614 0.01460242 0.95869397
psi[16, 2] 0.45732527 0.43426870 0.28507511 0.01880601 0.96513712
psi[17, 2] 0.45495442 0.43762321 0.28342809 0.02034414 0.96213678
psi[18, 2] 0.43200578 0.39686123 0.28346961 0.01670087 0.96282608
psi[19, 2] 0.66944634 0.71295719 0.23839864 0.15805023 0.98903619
psi[20, 2] 0.44090919 0.41330508 0.28221720 0.01988940 0.95741550
psi[21, 2] 0.44151587 0.42077466 0.28121180 0.02099859 0.96469289
psi[22, 2] 0.46425980 0.44814754 0.28899943 0.02057727 0.97065261
psi[23, 2] 0.40972871 0.37970246 0.27488648 0.01360889 0.95160387
psi[24, 2] 0.43097079 0.40087405 0.27876685 0.01461022 0.95288244
psi[25, 2] 0.40930288 0.37390616 0.27031220 0.02166010 0.95098565
psi[26, 2] 0.48833408 0.48398921 0.28678350 0.02207302 0.97039742
psi[27, 2] 0.42483718 0.39520691 0.27474770 0.01839296 0.94871761
psi[28, 2] 0.41926357 0.38063396 0.27924930 0.02247145 0.95372283
psi[29, 2] 0.45505676 0.42828278 0.28474072 0.02161106 0.96702418
psi[30, 2] 0.66458986 0.70389216 0.23706063 0.16039093 0.98661944
psi[31, 2] 0.45000569 0.42522587 0.28436202 0.01790251 0.96825494
psi[32, 2] 0.45014046 0.42595173 0.28411773 0.02266381 0.96942416
psi[33, 2] 0.44597428 0.41828359 0.28617332 0.01657717 0.96913800
psi[34, 2] 0.44950601 0.42025808 0.28500090 0.01980004 0.96376857
psi[35, 2] 0.45923412 0.43780156 0.28366581 0.02024418 0.96626165
psi[36, 2] 0.45473895 0.43004027 0.28614385 0.01685226 0.97090321
psi[37, 2] 0.43729092 0.40651018 0.27890247 0.02301765 0.95475543
psi[38, 2] 0.45544144 0.43319522 0.28405160 0.02095642 0.96418076
psi[39, 2] 0.66638252 0.70491827 0.23255838 0.17095423 0.98618776
psi[40, 2] 0.45076498 0.42478763 0.28775611 0.01793745 0.96828313
psi[41, 2] 0.45046694 0.42671045 0.28677168 0.01548775 0.96580183
psi[42, 2] 0.43116214 0.40181237 0.28110972 0.01814964 0.96209839
psi[43, 2] 0.45516084 0.43565343 0.28477151 0.01949264 0.96401409
psi[44, 2] 0.44662741 0.41444259 0.28463093 0.01881809 0.96746239
psi[45, 2] 0.42898874 0.40062821 0.28375215 0.01350874 0.95661853
psi[46, 2] 0.44888452 0.42617312 0.28070556 0.02256027 0.96914953
psi[47, 2] 0.44008967 0.41522997 0.28180603 0.01799241 0.96101429
psi[48, 2] 0.46414538 0.44414163 0.28866961 0.01743739 0.97258448
psi[49, 2] 0.44754705 0.42534487 0.28557557 0.01776508 0.96945738
psi[50, 2] 0.45431267 0.43027838 0.28559660 0.01919355 0.96676545
psi[51, 2] 0.44192466 0.41379411 0.28416171 0.01957526 0.96926343
psi[52, 2] 0.45062081 0.42982291 0.28192466 0.01842896 0.96011865
psi[53, 2] 0.44382104 0.42251246 0.28202482 0.01679356 0.96589571
psi[54, 2] 0.41280712 0.37521787 0.27541889 0.01305279 0.95010625
psi[55, 2] 0.43798216 0.41294122 0.28039826 0.01882669 0.95567728
psi[56, 2] 0.40892987 0.36776831 0.27718438 0.01689549 0.95640000
psi[57, 2] 0.43244909 0.40350344 0.27923151 0.01904926 0.95245658
psi[58, 2] 0.43710424 0.39951022 0.28485357 0.01854357 0.96197506
psi[59, 2] 0.47194858 0.45479247 0.28733325 0.02083415 0.96383266
psi[60, 2] 0.45795262 0.43596131 0.28463358 0.01931553 0.96426580
psi[61, 2] 0.46603286 0.45047617 0.28730884 0.02000322 0.97077360
psi[62, 2] 0.42701968 0.39033362 0.28132529 0.01687499 0.95077039
psi[63, 2] 0.45010227 0.42399179 0.28611178 0.02037249 0.96418111
psi[64, 2] 0.48563318 0.47456771 0.28452940 0.02354448 0.97049930
psi[65, 2] 0.46331753 0.44264967 0.28407780 0.02352069 0.96697607
psi[66, 2] 0.45338664 0.43433644 0.28494774 0.01680464 0.96295745
psi[67, 2] 0.42176138 0.38364865 0.28360332 0.01910510 0.95527868
psi[68, 2] 0.44295405 0.41784719 0.27879436 0.01967803 0.96381531
psi[69, 2] 0.45493377 0.43391476 0.28602765 0.02140494 0.96488837
psi[70, 2] 0.48416842 0.47660608 0.28796128 0.02490611 0.97366611
psi[71, 2] 0.46672097 0.44369066 0.28842406 0.01890766 0.97010261
psi[72, 2] 0.41550088 0.37931492 0.27511847 0.01603379 0.94966658
psi[73, 2] 0.41771743 0.38507531 0.27627141 0.01696263 0.95616611
psi[74, 2] 0.41887196 0.37846178 0.27951833 0.01912095 0.95864695
psi[75, 2] 0.39009398 0.35136408 0.26718715 0.01388719 0.93785422
psi[1, 3]  0.44061137 0.41457143 0.28203809 0.01747985 0.96444966
psi[2, 3]  0.66355067 0.70443851 0.23755146 0.16094539 0.98769931
psi[3, 3]  0.44345153 0.41404139 0.28145016 0.01604585 0.95576698
psi[4, 3]  0.42861419 0.39445235 0.27765988 0.02002406 0.95624415
psi[5, 3]  0.43662176 0.41124360 0.28269107 0.01640584 0.96381256
psi[6, 3]  0.44078154 0.41491832 0.28202071 0.01931579 0.96400670
psi[7, 3]  0.66651272 0.70827969 0.23670072 0.16006045 0.98848259
psi[8, 3]  0.43490460 0.40199409 0.28365759 0.01745098 0.95871194
psi[9, 3]  0.41780842 0.39163388 0.27311906 0.01528063 0.94986223
psi[10, 3] 0.66542558 0.69952236 0.23142199 0.17258026 0.98411901
psi[11, 3] 0.66184301 0.69832403 0.23436602 0.16310723 0.98681126
psi[12, 3] 0.42143777 0.38352554 0.27453571 0.01812238 0.95280854
psi[13, 3] 0.66549628 0.70154150 0.23440403 0.16239517 0.98941459
psi[14, 3] 0.66945490 0.70470728 0.23315720 0.16705183 0.98642132
psi[15, 3] 0.43171324 0.39517051 0.28194862 0.01739968 0.95724110
psi[16, 3] 0.44303267 0.41230123 0.28434110 0.01835063 0.96164266
psi[17, 3] 0.45248619 0.42613607 0.28457185 0.01832359 0.96373816
psi[18, 3] 0.44071062 0.40564840 0.28467270 0.01971519 0.96326487
psi[19, 3] 0.66310291 0.70078135 0.23659933 0.16664565 0.98847627
psi[20, 3] 0.42082497 0.38915381 0.27676651 0.01710564 0.94890061
psi[21, 3] 0.44160806 0.41544686 0.28074366 0.01895492 0.95560661
psi[22, 3] 0.46497004 0.44317987 0.29293650 0.02213257 0.96920022
psi[23, 3] 0.41850197 0.38145683 0.27795343 0.02138254 0.95152776
psi[24, 3] 0.41689294 0.38515042 0.27537633 0.01721367 0.95419943
psi[25, 3] 0.39944437 0.35835783 0.27422775 0.01330107 0.95330743
psi[26, 3] 0.50300304 0.50004279 0.28937655 0.02150410 0.97465785
psi[27, 3] 0.40479043 0.36979754 0.27265794 0.01402544 0.95354547
psi[28, 3] 0.42524620 0.39109148 0.27663932 0.01670716 0.94762067
psi[29, 3] 0.44966211 0.42167707 0.28192567 0.02045580 0.96173688
psi[30, 3] 0.41898639 0.38483261 0.28041016 0.01638521 0.95073228
psi[31, 3] 0.66708144 0.71052147 0.23590383 0.16714536 0.98749805
psi[32, 3] 0.45719029 0.43510481 0.28594593 0.01625242 0.96929047
psi[33, 3] 0.67061945 0.71470194 0.23513223 0.15293267 0.98905491
psi[34, 3] 0.45347408 0.43362720 0.28033200 0.02163903 0.96450223
psi[35, 3] 0.66016067 0.69617420 0.23735219 0.15355902 0.98918813
psi[36, 3] 0.44526359 0.42019786 0.28518151 0.02026811 0.96487945
psi[37, 3] 0.67234145 0.71115648 0.23055407 0.17865363 0.98700222
psi[38, 3] 0.46580586 0.44881761 0.28572879 0.02311510 0.96460387
psi[39, 3] 0.66638827 0.70498969 0.23596158 0.15856327 0.98906847
psi[40, 3] 0.46795129 0.45431191 0.28391047 0.02025974 0.97220677
psi[41, 3] 0.47580938 0.45915104 0.28406729 0.02407562 0.97259595
psi[42, 3] 0.43272085 0.40361209 0.28286530 0.01850061 0.96388980
psi[43, 3] 0.45819826 0.44390525 0.28554165 0.01997758 0.96629401
psi[44, 3] 0.44122298 0.40891598 0.28610138 0.01761102 0.96636543
psi[45, 3] 0.44233237 0.40772637 0.28493483 0.01880183 0.96448913
psi[46, 3] 0.44196593 0.41993901 0.27967744 0.02002423 0.96595264
psi[47, 3] 0.44030684 0.41443491 0.27966335 0.01751917 0.95489814
psi[48, 3] 0.66299613 0.70161253 0.23773731 0.14784839 0.98713410
psi[49, 3] 0.45287431 0.43015844 0.28685270 0.01979271 0.95735618
psi[50, 3] 0.44830944 0.42131572 0.27928507 0.02248872 0.96469442
psi[51, 3] 0.45156236 0.43047936 0.28415398 0.01968534 0.96789157
psi[52, 3] 0.44650991 0.42629659 0.28372725 0.01816626 0.95921171
psi[53, 3] 0.46150704 0.44860966 0.28341116 0.02294806 0.96460030
psi[54, 3] 0.41049004 0.37223747 0.27384220 0.01586992 0.94791235
psi[55, 3] 0.43874707 0.41687120 0.27844198 0.01883805 0.95817671
psi[56, 3] 0.41095348 0.37757898 0.27408913 0.01475090 0.94949708
psi[57, 3] 0.42566288 0.39379653 0.27337620 0.01860498 0.94945845
psi[58, 3] 0.44623469 0.41813495 0.28557541 0.01588844 0.96346034
psi[59, 3] 0.45802485 0.44141044 0.28509708 0.01662991 0.96771042
psi[60, 3] 0.44615711 0.42414686 0.28242097 0.02049528 0.96520145
psi[61, 3] 0.44936442 0.41970790 0.28881259 0.02130123 0.96546792
psi[62, 3] 0.43684293 0.40654784 0.28281832 0.01946830 0.96091657
psi[63, 3] 0.45905600 0.43894627 0.28327207 0.02541517 0.96321170
psi[64, 3] 0.47672685 0.46536473 0.28775414 0.02755233 0.97143256
psi[65, 3] 0.45598241 0.43205439 0.28756478 0.02014439 0.96739394
psi[66, 3] 0.46982740 0.46000707 0.28700551 0.01931093 0.96817005
psi[67, 3] 0.43005691 0.39628195 0.28140864 0.01824057 0.95569517
psi[68, 3] 0.42976260 0.40000447 0.28125342 0.01894188 0.96330071
psi[69, 3] 0.45476124 0.43439552 0.28348653 0.01766925 0.96292056
psi[70, 3] 0.50362800 0.50994293 0.29145904 0.02531465 0.97852442
psi[71, 3] 0.46194684 0.44430654 0.28584440 0.02073484 0.96793720
psi[72, 3] 0.42475790 0.39353489 0.27892796 0.01836270 0.95741304
psi[73, 3] 0.41012689 0.37691739 0.27698787 0.01668555 0.94614194
psi[74, 3] 0.43336002 0.40240841 0.28021283 0.01711603 0.96578489
psi[75, 3] 0.39922254 0.35820357 0.27083760 0.01676946 0.94170763
psi[1, 4]  0.67085896 0.71069160 0.23757793 0.16033985 0.98896265
psi[2, 4]  0.65360739 0.69189340 0.23983394 0.14760548 0.98554457
psi[3, 4]  0.66780361 0.71048504 0.23104048 0.16346936 0.98409793
psi[4, 4]  0.66747224 0.70794968 0.23428514 0.15885655 0.98757869
psi[5, 4]  0.42410681 0.38928341 0.28133809 0.01540138 0.95981969
psi[6, 4]  0.43517062 0.40843460 0.28225639 0.01770229 0.95830377
psi[7, 4]  0.67173130 0.71332746 0.23480924 0.16167523 0.98558138
psi[8, 4]  0.44340208 0.41604187 0.28578641 0.01646254 0.96574188
psi[9, 4]  0.42894193 0.39856127 0.27651909 0.01593132 0.94660048
psi[10, 4] 0.40554698 0.36783539 0.27195084 0.01465792 0.94379408
psi[11, 4] 0.66854013 0.71345130 0.23544622 0.16102818 0.98970765
psi[12, 4] 0.41444960 0.38220290 0.27134830 0.01529902 0.94205144
psi[13, 4] 0.66474508 0.70648042 0.23018970 0.16514314 0.98512399
psi[14, 4] 0.45263833 0.42797543 0.28052978 0.02364556 0.96140294
psi[15, 4] 0.43445407 0.40177701 0.28594442 0.01966708 0.96447694
psi[16, 4] 0.45395146 0.42620486 0.28902397 0.01902567 0.96934882
psi[17, 4] 0.45176335 0.42695143 0.28037045 0.02377714 0.96016274
psi[18, 4] 0.43124509 0.39768824 0.27965373 0.01971879 0.95690559
psi[19, 4] 0.38528468 0.34879898 0.26295303 0.01551202 0.92468184
psi[20, 4] 0.42925753 0.39855580 0.27700541 0.02151287 0.95422344
psi[21, 4] 0.43122242 0.40428441 0.27751473 0.01896785 0.95258925
psi[22, 4] 0.46142128 0.44624236 0.28171819 0.02440879 0.96476967
psi[23, 4] 0.41132649 0.38220697 0.27716743 0.01457259 0.94987376
psi[24, 4] 0.42777767 0.40121370 0.27916156 0.01543107 0.96044515
psi[25, 4] 0.40818543 0.37194704 0.27425818 0.01698702 0.94998042
psi[26, 4] 0.48069014 0.47466040 0.28948560 0.02164932 0.97265500
psi[27, 4] 0.42022996 0.38279853 0.27468646 0.01636641 0.94626676
psi[28, 4] 0.42618458 0.39523009 0.27775810 0.01648350 0.95225373
psi[29, 4] 0.45128889 0.43088608 0.28180300 0.02329453 0.96045253
psi[30, 4] 0.41952417 0.38478882 0.27717828 0.01830338 0.95429126
psi[31, 4] 0.67122014 0.71665412 0.23403208 0.16151793 0.98873773
psi[32, 4] 0.45433409 0.42921261 0.28907684 0.02619702 0.96769006
psi[33, 4] 0.44955857 0.42614092 0.28293679 0.02120282 0.96822372
psi[34, 4] 0.44791173 0.42414868 0.28669754 0.01597463 0.96486932
psi[35, 4] 0.44398833 0.42443976 0.28369100 0.01668542 0.96426870
psi[36, 4] 0.44779840 0.42580590 0.28631062 0.01816084 0.96808425
psi[37, 4] 0.45352710 0.43157364 0.28413591 0.01838757 0.96462788
psi[38, 4] 0.46414252 0.44592527 0.28440852 0.01764123 0.96487116
psi[39, 4] 0.39923021 0.36421232 0.26855887 0.01580003 0.93913021
psi[40, 4] 0.46100302 0.44232342 0.28716137 0.02378779 0.96966253
psi[41, 4] 0.47007197 0.46156593 0.28453185 0.02021073 0.96257552
psi[42, 4] 0.42343460 0.38317904 0.27622254 0.02197947 0.95794060
psi[43, 4] 0.45977174 0.44263455 0.28703438 0.02136861 0.96835938
psi[44, 4] 0.44649781 0.42752256 0.28073400 0.02053685 0.96002759
psi[45, 4] 0.43635763 0.40358121 0.28571257 0.01469434 0.96283704
psi[46, 4] 0.44003660 0.41382086 0.28308695 0.01697698 0.95917799
psi[47, 4] 0.44173653 0.41397521 0.28437276 0.01665343 0.96221625
psi[48, 4] 0.66813880 0.70883112 0.23536803 0.15839875 0.98474333
psi[49, 4] 0.43338076 0.40217979 0.28042042 0.01681934 0.95894122
psi[50, 4] 0.67085460 0.70803372 0.23213581 0.15890288 0.98643350
psi[51, 4] 0.45499127 0.43823964 0.28485611 0.01933353 0.96968604
psi[52, 4] 0.46306686 0.44945849 0.28247009 0.02246334 0.96773051
psi[53, 4] 0.45514054 0.43173748 0.28189704 0.02038722 0.96828475
psi[54, 4] 0.66191069 0.69902892 0.23353256 0.16209236 0.98554800
psi[55, 4] 0.44730607 0.42267118 0.28313811 0.01856174 0.96113030
psi[56, 4] 0.66906754 0.70724051 0.23757005 0.15063063 0.98777109
psi[57, 4] 0.44049275 0.40604166 0.28322637 0.01775395 0.96350379
psi[58, 4] 0.46359914 0.44277497 0.28809127 0.01984825 0.96834844
psi[59, 4] 0.47772357 0.46748243 0.28408606 0.02522100 0.97115073
psi[60, 4] 0.66617104 0.70453164 0.23356748 0.15848654 0.98594202
psi[61, 4] 0.45869503 0.43954821 0.28680428 0.01855931 0.96917542
psi[62, 4] 0.42766019 0.39780738 0.28115587 0.01836336 0.95231008
psi[63, 4] 0.46386784 0.44448958 0.28360394 0.02163943 0.96821905
psi[64, 4] 0.47627446 0.46550308 0.28902512 0.02302280 0.96228868
psi[65, 4] 0.44708836 0.41927587 0.28361354 0.02105344 0.96648892
psi[66, 4] 0.45932020 0.43831979 0.28687044 0.02115732 0.96568735
psi[67, 4] 0.43434409 0.40017157 0.27710017 0.01755187 0.95910719
psi[68, 4] 0.43877286 0.41891119 0.28253830 0.01835127 0.96127142
psi[69, 4] 0.43783916 0.40716439 0.28241677 0.01573056 0.95643584
psi[70, 4] 0.47552679 0.46121718 0.28827463 0.02055155 0.97202282
psi[71, 4] 0.46599199 0.45428361 0.28206330 0.02212383 0.96925577
psi[72, 4] 0.41885746 0.38372928 0.27365498 0.02096407 0.95213311
psi[73, 4] 0.41287531 0.37745313 0.27500387 0.01788490 0.95021322
psi[74, 4] 0.42642339 0.39749855 0.27972014 0.01539711 0.95750670
psi[75, 4] 0.40866457 0.36774321 0.27484685 0.01643239 0.94481830
psi[1, 5]  0.67315591 0.71527365 0.23390234 0.16151103 0.98519796
psi[2, 5]  0.41917769 0.39274440 0.27456277 0.01674835 0.95359382
psi[3, 5]  0.44416420 0.42073792 0.28592004 0.02069797 0.96293203
psi[4, 5]  0.66075273 0.70488527 0.23992937 0.13955615 0.98813759
psi[5, 5]  0.44693017 0.42254773 0.28310701 0.01991378 0.96175077
psi[6, 5]  0.41849990 0.38581375 0.27477193 0.01617622 0.94804505
psi[7, 5]  0.41789110 0.38869235 0.27432019 0.01649241 0.95306225
psi[8, 5]  0.42972627 0.40059367 0.28357256 0.01684558 0.95889211
psi[9, 5]  0.42934036 0.39730891 0.27798928 0.01956797 0.95123758
psi[10, 5] 0.41849726 0.38821925 0.27906256 0.01505079 0.95255957
psi[11, 5] 0.66341191 0.70121540 0.23657149 0.15151898 0.98547346
psi[12, 5] 0.40740674 0.37117332 0.27370549 0.01602016 0.94188334
psi[13, 5] 0.39828502 0.35088558 0.27289617 0.02005370 0.94928137
psi[14, 5] 0.46498538 0.45041605 0.28443625 0.02331039 0.96339205
psi[15, 5] 0.43015743 0.40309394 0.27870594 0.01560191 0.95095043
psi[16, 5] 0.44870570 0.42712933 0.28565904 0.01564033 0.96789157
psi[17, 5] 0.44359779 0.41818756 0.28444764 0.01926507 0.96449993
psi[18, 5] 0.43027988 0.39500196 0.28074737 0.01996567 0.95788662
psi[19, 5] 0.37877537 0.33442155 0.26221955 0.01515627 0.92989315
psi[20, 5] 0.42715649 0.39773925 0.28354025 0.01552277 0.96288849
psi[21, 5] 0.44028780 0.41786655 0.28268051 0.01740021 0.96699382
psi[22, 5] 0.46402313 0.44602711 0.28562135 0.02079094 0.96854104
psi[23, 5] 0.41363243 0.38038717 0.27478974 0.01743957 0.94810864
psi[24, 5] 0.42391659 0.39547429 0.28076653 0.01854334 0.95908445
psi[25, 5] 0.40337038 0.36376284 0.26985542 0.01924495 0.95570947
psi[26, 5] 0.49183962 0.49255977 0.29052205 0.02138493 0.97378842
psi[27, 5] 0.41449193 0.38033480 0.27530361 0.01469516 0.94902326
psi[28, 5] 0.43018451 0.40600047 0.28001433 0.01501308 0.95230068
psi[29, 5] 0.45674434 0.43353969 0.28442839 0.02111738 0.96199164
psi[30, 5] 0.41585934 0.38150848 0.28029074 0.01637505 0.95018622
psi[31, 5] 0.44099269 0.41722250 0.28308225 0.01643458 0.95966022
psi[32, 5] 0.46313989 0.44445267 0.28126484 0.02391689 0.96412532
psi[33, 5] 0.44442005 0.41919522 0.28062249 0.02095264 0.96043690
psi[34, 5] 0.45863635 0.43709519 0.28525384 0.02157058 0.96897616
psi[35, 5] 0.45562321 0.42645540 0.28690057 0.01704873 0.96722465
psi[36, 5] 0.45776434 0.43874527 0.28182339 0.02234702 0.96864580
psi[37, 5] 0.45402981 0.43635267 0.28301960 0.01926707 0.96501384
psi[38, 5] 0.46319015 0.44395818 0.28695821 0.01939477 0.97074735
psi[39, 5] 0.40924422 0.37396653 0.27344489 0.01622336 0.94205139
psi[40, 5] 0.43836438 0.41035257 0.28093990 0.01557500 0.96326554
psi[41, 5] 0.45368224 0.43156967 0.28657187 0.01668170 0.96606944
psi[42, 5] 0.41620782 0.38479581 0.27390374 0.01803963 0.95019208
psi[43, 5] 0.45652186 0.43812398 0.28681407 0.01575189 0.96647122
psi[44, 5] 0.44471908 0.41667684 0.28275720 0.02106050 0.96902230
psi[45, 5] 0.45188073 0.42656044 0.28455894 0.02072730 0.96071731
psi[46, 5] 0.43678745 0.40600299 0.28137827 0.01583578 0.96010178
psi[47, 5] 0.43996204 0.41640370 0.28354905 0.01951463 0.96211983
psi[48, 5] 0.44708939 0.42730128 0.28202999 0.02080833 0.96411188
psi[49, 5] 0.44080423 0.41004381 0.28410958 0.02068139 0.96566869
psi[50, 5] 0.45939100 0.43411416 0.28485458 0.02120036 0.97166014
psi[51, 5] 0.45176919 0.42723862 0.28889275 0.02030728 0.96745474
psi[52, 5] 0.45638850 0.43663727 0.28063258 0.02284484 0.96627729
psi[53, 5] 0.46135397 0.44114057 0.28584400 0.02300015 0.97520273
psi[54, 5] 0.65660408 0.68950161 0.23613162 0.15140374 0.98538177
psi[55, 5] 0.43797725 0.40539541 0.28569664 0.01862257 0.96718183
psi[56, 5] 0.67466386 0.71044088 0.23073153 0.18094918 0.98885831
psi[57, 5] 0.43960182 0.40463292 0.28421398 0.01826290 0.96529854
psi[58, 5] 0.44793100 0.42391286 0.28526492 0.01683720 0.97008997
psi[59, 5] 0.45719781 0.44385812 0.28654935 0.02014078 0.96685378
psi[60, 5] 0.44032241 0.42037074 0.28722279 0.01907359 0.96598286
psi[61, 5] 0.46637271 0.45267052 0.28624842 0.02137355 0.96827358
psi[62, 5] 0.43670965 0.40937319 0.28181553 0.02100826 0.96208517
psi[63, 5] 0.47183011 0.45601392 0.28560753 0.02199420 0.96974820
psi[64, 5] 0.48291324 0.47692125 0.28553653 0.02245433 0.96885227
psi[65, 5] 0.46194376 0.44250952 0.28689643 0.01950928 0.96800313
psi[66, 5] 0.45213514 0.42821194 0.28600944 0.01684551 0.97108052
psi[67, 5] 0.43345427 0.40202526 0.28460881 0.01726552 0.95979772
psi[68, 5] 0.66797454 0.71778571 0.24022297 0.13700857 0.98750169
psi[69, 5] 0.45304509 0.43022658 0.28370091 0.02128101 0.96086819
psi[70, 5] 0.49990914 0.50249924 0.28533758 0.02498679 0.97109954
psi[71, 5] 0.46612783 0.45511261 0.28368401 0.02500396 0.96108214
psi[72, 5] 0.40965977 0.37040366 0.27378761 0.01900642 0.95957768
psi[73, 5] 0.67001742 0.71435773 0.23580706 0.15206558 0.98781542
psi[74, 5] 0.43045380 0.39600881 0.28369491 0.01503772 0.95943145
psi[75, 5] 0.66950868 0.71463437 0.23565298 0.15581538 0.98837094
