                 Mean      Median    St.Dev.   95%CI_low   95%CI_upp
beta0      -3.6405241 -3.64049899 0.12792970 -3.89348866 -3.39387311
p[1]        0.0257612  0.02556835 0.00320773  0.01996733  0.03248749
p[2]        0.0257612  0.02556835 0.00320773  0.01996733  0.03248749
p[3]        0.0257612  0.02556835 0.00320773  0.01996733  0.03248749
p[4]        0.0257612  0.02556835 0.00320773  0.01996733  0.03248749
p[5]        0.0257612  0.02556835 0.00320773  0.01996733  0.03248749
p[6]        0.0257612  0.02556835 0.00320773  0.01996733  0.03248749
p[7]        0.0257612  0.02556835 0.00320773  0.01996733  0.03248749
p[8]        0.0257612  0.02556835 0.00320773  0.01996733  0.03248749
p[9]        0.0257612  0.02556835 0.00320773  0.01996733  0.03248749
p[10]       0.0257612  0.02556835 0.00320773  0.01996733  0.03248749
p[11]       0.0257612  0.02556835 0.00320773  0.01996733  0.03248749
p[12]       0.0257612  0.02556835 0.00320773  0.01996733  0.03248749
p[13]       0.0257612  0.02556835 0.00320773  0.01996733  0.03248749
p[14]       0.0257612  0.02556835 0.00320773  0.01996733  0.03248749
p[15]       0.0257612  0.02556835 0.00320773  0.01996733  0.03248749
p[16]       0.0257612  0.02556835 0.00320773  0.01996733  0.03248749
p[17]       0.0257612  0.02556835 0.00320773  0.01996733  0.03248749
p[18]       0.0257612  0.02556835 0.00320773  0.01996733  0.03248749
p[19]       0.0257612  0.02556835 0.00320773  0.01996733  0.03248749
p[20]       0.0257612  0.02556835 0.00320773  0.01996733  0.03248749
p[21]       0.0257612  0.02556835 0.00320773  0.01996733  0.03248749
p[22]       0.0257612  0.02556835 0.00320773  0.01996733  0.03248749
p[23]       0.0257612  0.02556835 0.00320773  0.01996733  0.03248749
p[24]       0.0257612  0.02556835 0.00320773  0.01996733  0.03248749
p[25]       0.0257612  0.02556835 0.00320773  0.01996733  0.03248749
p[26]       0.0257612  0.02556835 0.00320773  0.01996733  0.03248749
p[27]       0.0257612  0.02556835 0.00320773  0.01996733  0.03248749
p[28]       0.0257612  0.02556835 0.00320773  0.01996733  0.03248749
p[29]       0.0257612  0.02556835 0.00320773  0.01996733  0.03248749
p[30]       0.0257612  0.02556835 0.00320773  0.01996733  0.03248749
p[31]       0.0257612  0.02556835 0.00320773  0.01996733  0.03248749
p[32]       0.0257612  0.02556835 0.00320773  0.01996733  0.03248749
p[33]       0.0257612  0.02556835 0.00320773  0.01996733  0.03248749
p[34]       0.0257612  0.02556835 0.00320773  0.01996733  0.03248749
p[35]       0.0257612  0.02556835 0.00320773  0.01996733  0.03248749
p[36]       0.0257612  0.02556835 0.00320773  0.01996733  0.03248749
p[37]       0.0257612  0.02556835 0.00320773  0.01996733  0.03248749
p[38]       0.0257612  0.02556835 0.00320773  0.01996733  0.03248749
p[39]       0.0257612  0.02556835 0.00320773  0.01996733  0.03248749
p[40]       0.0257612  0.02556835 0.00320773  0.01996733  0.03248749
p[41]       0.0257612  0.02556835 0.00320773  0.01996733  0.03248749
p[42]       0.0257612  0.02556835 0.00320773  0.01996733  0.03248749
p[43]       0.0257612  0.02556835 0.00320773  0.01996733  0.03248749
p[44]       0.0257612  0.02556835 0.00320773  0.01996733  0.03248749
p[45]       0.0257612  0.02556835 0.00320773  0.01996733  0.03248749
p[46]       0.0257612  0.02556835 0.00320773  0.01996733  0.03248749
p[47]       0.0257612  0.02556835 0.00320773  0.01996733  0.03248749
p[48]       0.0257612  0.02556835 0.00320773  0.01996733  0.03248749
p[49]       0.0257612  0.02556835 0.00320773  0.01996733  0.03248749
p[50]       0.0257612  0.02556835 0.00320773  0.01996733  0.03248749
p[51]       0.0257612  0.02556835 0.00320773  0.01996733  0.03248749
p[52]       0.0257612  0.02556835 0.00320773  0.01996733  0.03248749
p[53]       0.0257612  0.02556835 0.00320773  0.01996733  0.03248749
p[54]       0.0257612  0.02556835 0.00320773  0.01996733  0.03248749
p[55]       0.0257612  0.02556835 0.00320773  0.01996733  0.03248749
p[56]       0.0257612  0.02556835 0.00320773  0.01996733  0.03248749
p[57]       0.0257612  0.02556835 0.00320773  0.01996733  0.03248749
p[58]       0.0257612  0.02556835 0.00320773  0.01996733  0.03248749
p[59]       0.0257612  0.02556835 0.00320773  0.01996733  0.03248749
p[60]       0.0257612  0.02556835 0.00320773  0.01996733  0.03248749
p[61]       0.0257612  0.02556835 0.00320773  0.01996733  0.03248749
p[62]       0.0257612  0.02556835 0.00320773  0.01996733  0.03248749
p[63]       0.0257612  0.02556835 0.00320773  0.01996733  0.03248749
p[64]       0.0257612  0.02556835 0.00320773  0.01996733  0.03248749
p[65]       0.0257612  0.02556835 0.00320773  0.01996733  0.03248749
p[66]       0.0257612  0.02556835 0.00320773  0.01996733  0.03248749
p[67]       0.0257612  0.02556835 0.00320773  0.01996733  0.03248749
p[68]       0.0257612  0.02556835 0.00320773  0.01996733  0.03248749
p[69]       0.0257612  0.02556835 0.00320773  0.01996733  0.03248749
p[70]       0.0257612  0.02556835 0.00320773  0.01996733  0.03248749
p[71]       0.0257612  0.02556835 0.00320773  0.01996733  0.03248749
p[72]       0.0257612  0.02556835 0.00320773  0.01996733  0.03248749
p[73]       0.0257612  0.02556835 0.00320773  0.01996733  0.03248749
p[74]       0.0257612  0.02556835 0.00320773  0.01996733  0.03248749
p[75]       0.0257612  0.02556835 0.00320773  0.01996733  0.03248749
psi[1, 1]   0.6654731  0.70813691 0.23637565  0.16581811  0.98748076
psi[2, 1]   0.4779610  0.47080139 0.28930047  0.02450642  0.96930766
psi[3, 1]   0.4713663  0.45596237 0.28482777  0.02532616  0.97452245
psi[4, 1]   0.4690857  0.45130343 0.28547731  0.02352686  0.97056497
psi[5, 1]   0.4643462  0.44724512 0.28517194  0.02333291  0.96893274
psi[6, 1]   0.6621726  0.69528855 0.23610505  0.14999114  0.98814763
psi[7, 1]   0.6705115  0.71372592 0.23452242  0.15332769  0.98354082
psi[8, 1]   0.4550553  0.43983905 0.28268273  0.01841538  0.95931799
psi[9, 1]   0.4439417  0.41540745 0.28438997  0.01878385  0.96159588
psi[10, 1]  0.6596918  0.69937871 0.23558484  0.15332633  0.98610252
psi[11, 1]  0.6701228  0.71257606 0.23766547  0.14822384  0.98577594
psi[12, 1]  0.4511403  0.43089852 0.28449717  0.02093319  0.96970583
psi[13, 1]  0.4479255  0.42722974 0.28588307  0.01480385  0.96287002
psi[14, 1]  0.4788177  0.46503922 0.29080242  0.01835274  0.97430787
psi[15, 1]  0.4670076  0.44832096 0.28557065  0.02396040  0.96931874
psi[16, 1]  0.4813630  0.47228593 0.28833903  0.01766777  0.97132379
psi[17, 1]  0.4707540  0.45648604 0.28813142  0.01691014  0.96919194
psi[18, 1]  0.4532660  0.42805013 0.28597800  0.01913225  0.96664306
psi[19, 1]  0.4403689  0.41583682 0.28199788  0.01861707  0.95816009
psi[20, 1]  0.4431241  0.42373727 0.28602473  0.01946218  0.96297556
psi[21, 1]  0.4613613  0.44776305 0.28716128  0.02245165  0.97300793
psi[22, 1]  0.4718227  0.45655968 0.28818582  0.01861458  0.96925014
psi[23, 1]  0.4430302  0.41707864 0.28673588  0.01847021  0.95892548
psi[24, 1]  0.4589729  0.43665067 0.28742582  0.01472029  0.96974372
psi[25, 1]  0.4458347  0.41125470 0.28167373  0.02370117  0.96314907
psi[26, 1]  0.5066221  0.50539062 0.29101089  0.02288700  0.97156849
psi[27, 1]  0.4447098  0.42325085 0.28841762  0.01814083  0.96571330
psi[28, 1]  0.4499848  0.42546316 0.28526264  0.02039346  0.96394834
psi[29, 1]  0.4662329  0.44725114 0.28719695  0.01761829  0.96627903
psi[30, 1]  0.4606889  0.44352914 0.28646409  0.02090565  0.97065592
psi[31, 1]  0.4665258  0.44801872 0.28733352  0.02442396  0.96814899
psi[32, 1]  0.4841769  0.48092736 0.28676098  0.02235584  0.96634920
psi[33, 1]  0.4828003  0.47755253 0.28520087  0.02108982  0.96743748
psi[34, 1]  0.4697801  0.45104750 0.28677879  0.01960947  0.97120351
psi[35, 1]  0.4941908  0.48613307 0.28957582  0.02350503  0.97691054
psi[36, 1]  0.4787173  0.46321449 0.28853764  0.02040127  0.97041306
psi[37, 1]  0.4839391  0.47055057 0.28508626  0.03029567  0.97023845
psi[38, 1]  0.4790668  0.47178189 0.28408714  0.02046801  0.97184353
psi[39, 1]  0.4450572  0.42352450 0.28398046  0.01992029  0.96258601
psi[40, 1]  0.4860589  0.48288371 0.29031969  0.02362753  0.97421790
psi[41, 1]  0.4711562  0.45485749 0.28780162  0.02106623  0.97735044
psi[42, 1]  0.4614687  0.44098812 0.28473055  0.02052930  0.96716936
psi[43, 1]  0.4752758  0.45702310 0.28598631  0.02177532  0.96799428
psi[44, 1]  0.4727497  0.45787889 0.28664153  0.02366733  0.96523131
psi[45, 1]  0.4612270  0.44489668 0.28300696  0.01863630  0.96631192
psi[46, 1]  0.4686744  0.45341025 0.28881438  0.02213832  0.97115040
psi[47, 1]  0.4614414  0.44964402 0.28270155  0.01692465  0.96543929
psi[48, 1]  0.4758562  0.45978997 0.28489336  0.02272209  0.96643054
psi[49, 1]  0.4580245  0.43670028 0.28625489  0.02114917  0.96625167
psi[50, 1]  0.4861199  0.47854455 0.28773202  0.02349480  0.97209341
psi[51, 1]  0.4720788  0.46000070 0.28434132  0.02448046  0.96576352
psi[52, 1]  0.4629767  0.44430343 0.28776752  0.02303992  0.97107658
psi[53, 1]  0.4730341  0.45486459 0.28630549  0.02445200  0.96949188
psi[54, 1]  0.4520820  0.42138684 0.28351429  0.01698723  0.96827491
psi[55, 1]  0.4554510  0.43052562 0.29096376  0.01737352  0.96773212
psi[56, 1]  0.4421080  0.41891226 0.28445675  0.01660212  0.96284001
psi[57, 1]  0.4552280  0.43685446 0.28530439  0.02100671  0.96729561
psi[58, 1]  0.4749921  0.45986840 0.28937465  0.02259113  0.97826730
psi[59, 1]  0.4599248  0.43799818 0.29094159  0.01729461  0.96862864
psi[60, 1]  0.4725370  0.45753119 0.28589593  0.01723343  0.96369857
psi[61, 1]  0.4678684  0.44867770 0.28464249  0.01876104  0.96384961
psi[62, 1]  0.4452564  0.42122358 0.28155770  0.01852068  0.96382454
psi[63, 1]  0.4770715  0.47148988 0.28842217  0.02225172  0.96815912
psi[64, 1]  0.4881665  0.48313185 0.28922820  0.02326310  0.97558945
psi[65, 1]  0.4790397  0.46614508 0.28690859  0.02403434  0.97090352
psi[66, 1]  0.4793095  0.46907599 0.28684555  0.02341690  0.97253019
psi[67, 1]  0.4539577  0.42976054 0.28628279  0.01642305  0.97317872
psi[68, 1]  0.4637528  0.44781120 0.29009209  0.01830743  0.96358089
psi[69, 1]  0.4708365  0.46191489 0.28917709  0.02031208  0.97097784
psi[70, 1]  0.4922587  0.49114283 0.28598041  0.02326387  0.97398528
psi[71, 1]  0.4747409  0.46297629 0.29039725  0.01760425  0.97290209
psi[72, 1]  0.4382155  0.41226354 0.28209058  0.02124960  0.96223871
psi[73, 1]  0.4468159  0.42169347 0.28564241  0.01751884  0.96067607
psi[74, 1]  0.4526823  0.42683861 0.28390678  0.01781155  0.96584018
psi[75, 1]  0.4406750  0.41547716 0.28198715  0.01465685  0.95750020
psi[1, 2]   0.6594416  0.69690471 0.23877536  0.15287032  0.98628171
psi[2, 2]   0.6648009  0.71018222 0.23682471  0.14631627  0.98526546
psi[3, 2]   0.4579037  0.44002008 0.28433226  0.01898383  0.96210425
psi[4, 2]   0.4803631  0.46667360 0.28685157  0.02683002  0.97779666
psi[5, 2]   0.4515389  0.43343337 0.28652123  0.01803492  0.96474275
psi[6, 2]   0.4589833  0.43774652 0.28768039  0.01705255  0.97294321
psi[7, 2]   0.4594163  0.44641106 0.28903229  0.02069839  0.97257190
psi[8, 2]   0.4555466  0.43172846 0.28409446  0.02201589  0.96741432
psi[9, 2]   0.6618026  0.70472505 0.23555633  0.16017035  0.98731677
psi[10, 2]  0.6669044  0.70536300 0.23229750  0.16668883  0.98837740
psi[11, 2]  0.6714246  0.71281613 0.23191415  0.16123657  0.98801484
psi[12, 2]  0.4478837  0.42675998 0.28291278  0.01638621  0.96592956
psi[13, 2]  0.4427105  0.41573402 0.28297558  0.02082115  0.96403808
psi[14, 2]  0.4748796  0.46834890 0.28624212  0.02495624  0.97452218
psi[15, 2]  0.4618586  0.44157702 0.28783835  0.02056097  0.97040784
psi[16, 2]  0.4800450  0.47036672 0.28910994  0.02419613  0.97180298
psi[17, 2]  0.4649066  0.44185089 0.28782483  0.02032052  0.97099103
psi[18, 2]  0.4756927  0.47106163 0.28645156  0.02280880  0.96806163
psi[19, 2]  0.6670984  0.70572082 0.23192642  0.16540690  0.98360784
psi[20, 2]  0.4599962  0.44463552 0.28471020  0.01981539  0.96445592
psi[21, 2]  0.4612503  0.44548395 0.28200643  0.02096721  0.96123482
psi[22, 2]  0.4710265  0.45124741 0.29018068  0.02132244  0.97082238
psi[23, 2]  0.4443802  0.42203492 0.28534089  0.01784039  0.96182157
psi[24, 2]  0.4475772  0.42411828 0.28438678  0.01870007  0.96311129
psi[25, 2]  0.4381431  0.40827563 0.28227984  0.01609545  0.95643940
psi[26, 2]  0.5087717  0.51499406 0.28920571  0.02572531  0.96756588
psi[27, 2]  0.4509754  0.43238612 0.28259720  0.02134855  0.96511036
psi[28, 2]  0.4400744  0.40747954 0.28504188  0.01502500  0.96895824
psi[29, 2]  0.4606966  0.43779262 0.28788817  0.01964477  0.97213117
psi[30, 2]  0.6638333  0.70516156 0.23307207  0.15844592  0.98302746
psi[31, 2]  0.4790533  0.46847892 0.29214153  0.02024718  0.97809780
psi[32, 2]  0.4767520  0.46962784 0.28977961  0.02149415  0.97190535
psi[33, 2]  0.4683650  0.45347350 0.28920271  0.02107198  0.96539832
psi[34, 2]  0.4667263  0.45265798 0.28594669  0.02262872  0.96212845
psi[35, 2]  0.4563304  0.43539538 0.28592068  0.02186292  0.96638434
psi[36, 2]  0.4681991  0.45354060 0.28721678  0.02279050  0.96657362
psi[37, 2]  0.4712253  0.45673496 0.28480775  0.02243368  0.97142366
psi[38, 2]  0.4766810  0.46593575 0.28674568  0.02149862  0.97257383
psi[39, 2]  0.6648240  0.70611049 0.23659383  0.15975091  0.98731098
psi[40, 2]  0.4860513  0.47682214 0.29242626  0.02235768  0.97321370
psi[41, 2]  0.4756192  0.45988637 0.28951134  0.02266776  0.96683893
psi[42, 2]  0.4305823  0.39468968 0.28668324  0.01570048  0.95886728
psi[43, 2]  0.4619167  0.44359873 0.28671390  0.02419201  0.96309469
psi[44, 2]  0.4655376  0.44745069 0.28789611  0.01905381  0.96646631
psi[45, 2]  0.4601374  0.44522403 0.28755747  0.02168108  0.96411149
psi[46, 2]  0.4661166  0.44604472 0.28606661  0.02113457  0.96750421
psi[47, 2]  0.4506985  0.42515213 0.28246817  0.02228312  0.96565360
psi[48, 2]  0.4793477  0.46797688 0.28747536  0.02103886  0.97273820
psi[49, 2]  0.4665509  0.44947172 0.28900027  0.02234849  0.97550464
psi[50, 2]  0.4814920  0.46917184 0.28761744  0.02315027  0.97617054
psi[51, 2]  0.4665145  0.44638828 0.28826366  0.02020025  0.97565289
psi[52, 2]  0.4706465  0.45867941 0.28970612  0.01455766  0.97121697
psi[53, 2]  0.4690256  0.45221534 0.28765548  0.02111104  0.96885315
psi[54, 2]  0.4581983  0.43729867 0.28411816  0.02190265  0.96267125
psi[55, 2]  0.4760011  0.46452723 0.28672244  0.02517629  0.97098811
psi[56, 2]  0.4609302  0.44479252 0.28359078  0.02081235  0.96330424
psi[57, 2]  0.4438261  0.41707362 0.28493917  0.01895521  0.96866632
psi[58, 2]  0.4647646  0.44416737 0.28723071  0.02089580  0.97075280
psi[59, 2]  0.4670670  0.44871037 0.28571266  0.02328098  0.96800990
psi[60, 2]  0.4750974  0.46435863 0.29220601  0.01891423  0.97707000
psi[61, 2]  0.4955136  0.48657485 0.28899216  0.02727150  0.97792050
psi[62, 2]  0.4540520  0.42716994 0.28559923  0.01852682  0.96372299
psi[63, 2]  0.4888051  0.48450029 0.28551719  0.02550378  0.96870671
psi[64, 2]  0.4884278  0.47970002 0.28983400  0.02599846  0.97260589
psi[65, 2]  0.4738100  0.45863304 0.28425899  0.02634455  0.97314256
psi[66, 2]  0.4668797  0.45432499 0.28663720  0.01841255  0.96796205
psi[67, 2]  0.4488413  0.42139716 0.28488874  0.01653607  0.96528659
psi[68, 2]  0.4636881  0.44510086 0.28322351  0.01905092  0.96233189
psi[69, 2]  0.4807009  0.46606014 0.28922815  0.02548753  0.97778759
psi[70, 2]  0.4968800  0.49407760 0.29217646  0.01881682  0.97708429
psi[71, 2]  0.4863300  0.46965375 0.29011584  0.02050741  0.97470556
psi[72, 2]  0.4488765  0.42360249 0.28529557  0.01960575  0.96568391
psi[73, 2]  0.4685791  0.45711756 0.28624252  0.01937741  0.96368972
psi[74, 2]  0.4416275  0.41539183 0.27827767  0.02013477  0.96361957
psi[75, 2]  0.4363588  0.40918775 0.28109151  0.01693331  0.95928208
psi[1, 3]   0.4724736  0.45860659 0.28772161  0.01938642  0.97040463
psi[2, 3]   0.6662521  0.70512860 0.23561249  0.17050723  0.98679971
psi[3, 3]   0.4623509  0.44194657 0.29254491  0.01978397  0.97539660
psi[4, 3]   0.4677502  0.45196126 0.28927106  0.02267686  0.97009730
psi[5, 3]   0.4541172  0.42811796 0.28495299  0.01820185  0.96211709
psi[6, 3]   0.4543932  0.43393821 0.28682502  0.01757223  0.97613827
psi[7, 3]   0.6744502  0.71359989 0.23451795  0.17186110  0.98821673
psi[8, 3]   0.4589360  0.43781256 0.28961415  0.02128181  0.96751401
psi[9, 3]   0.4500857  0.42645741 0.28366899  0.01760266  0.97163637
psi[10, 3]  0.6664945  0.70749120 0.23491958  0.16334722  0.98855672
psi[11, 3]  0.6633707  0.70393621 0.23719455  0.16102231  0.98554282
psi[12, 3]  0.4473226  0.41527684 0.28422983  0.02023538  0.96786223
psi[13, 3]  0.6677900  0.70539826 0.23435222  0.16230173  0.98812377
psi[14, 3]  0.6764115  0.71721913 0.23268592  0.16231059  0.98672322
psi[15, 3]  0.4670376  0.45089158 0.28805961  0.02167874  0.97067214
psi[16, 3]  0.4712522  0.45113734 0.28524302  0.02517279  0.97248117
psi[17, 3]  0.4739854  0.46506900 0.28612710  0.01969177  0.97293991
psi[18, 3]  0.4588446  0.43218816 0.28847830  0.02126271  0.97017798
psi[19, 3]  0.6625876  0.69872706 0.23596532  0.15782024  0.98873791
psi[20, 3]  0.4597027  0.44310300 0.28660487  0.01862538  0.96713611
psi[21, 3]  0.4673134  0.45050873 0.28757613  0.01967430  0.96964969
psi[22, 3]  0.4666026  0.44999819 0.28689984  0.02232471  0.97272672
psi[23, 3]  0.4373717  0.41077008 0.28034391  0.02008187  0.95207299
psi[24, 3]  0.4526674  0.43218290 0.28444196  0.01676724  0.96772908
psi[25, 3]  0.4338660  0.40322422 0.28067420  0.01751712  0.95642843
psi[26, 3]  0.4958202  0.49580050 0.29016371  0.02689447  0.97230338
psi[27, 3]  0.4479559  0.42095950 0.28199519  0.02068345  0.96203531
psi[28, 3]  0.4426573  0.41418933 0.28081218  0.01923759  0.95959725
psi[29, 3]  0.4737306  0.46015195 0.29021945  0.01646740  0.97010603
psi[30, 3]  0.4588509  0.44065034 0.28737238  0.01696791  0.96900955
psi[31, 3]  0.6639291  0.70339582 0.23476010  0.16184297  0.98655663
psi[32, 3]  0.4721442  0.45748288 0.29105050  0.01774184  0.97188260
psi[33, 3]  0.6657975  0.70693716 0.23456745  0.16362880  0.98891790
psi[34, 3]  0.4870019  0.48640328 0.28417527  0.02355660  0.96902086
psi[35, 3]  0.6673897  0.71452653 0.23726120  0.14731243  0.98635689
psi[36, 3]  0.4736665  0.46161499 0.29005594  0.02173232  0.97831603
psi[37, 3]  0.6648777  0.70436357 0.23504030  0.15601802  0.98666283
psi[38, 3]  0.4659017  0.45928478 0.28489074  0.01890316  0.96579653
psi[39, 3]  0.6591752  0.69592333 0.23712485  0.16048837  0.98825033
psi[40, 3]  0.4691113  0.45555948 0.28211148  0.02535745  0.96880238
psi[41, 3]  0.4774274  0.46932139 0.29152764  0.02161391  0.97038956
psi[42, 3]  0.4477470  0.42547987 0.28742379  0.01559327  0.96392684
psi[43, 3]  0.4734270  0.46438431 0.28641042  0.01835345  0.96787929
psi[44, 3]  0.4729698  0.46148832 0.29066133  0.02258926  0.97332089
psi[45, 3]  0.4723822  0.46390226 0.28934517  0.02114183  0.96810258
psi[46, 3]  0.4651280  0.44840805 0.28645238  0.02009454  0.96522737
psi[47, 3]  0.4728690  0.46239021 0.28888986  0.02016241  0.97162392
psi[48, 3]  0.6775751  0.72115894 0.23376263  0.16007085  0.98867929
psi[49, 3]  0.4745640  0.46601036 0.28245646  0.02123264  0.96722915
psi[50, 3]  0.4679597  0.45090788 0.28444257  0.02462490  0.97208805
psi[51, 3]  0.4711800  0.46224272 0.28501512  0.02127451  0.97203577
psi[52, 3]  0.4692060  0.46026882 0.28854137  0.01829143  0.97131706
psi[53, 3]  0.4719506  0.45469565 0.28604048  0.02184918  0.97064403
psi[54, 3]  0.4433841  0.41872912 0.28411591  0.01832421  0.96572280
psi[55, 3]  0.4670010  0.44593150 0.28816094  0.02003462  0.97029514
psi[56, 3]  0.4513459  0.43433863 0.28120869  0.01999846  0.96348642
psi[57, 3]  0.4550104  0.43994114 0.28771923  0.01602224  0.96395814
psi[58, 3]  0.4750076  0.45855355 0.28530150  0.02164417  0.96915137
psi[59, 3]  0.4768538  0.46488219 0.28808710  0.02048871  0.96926745
psi[60, 3]  0.4749087  0.46048361 0.28779362  0.02185647  0.97083080
psi[61, 3]  0.4694320  0.45861785 0.28515214  0.02100152  0.97076205
psi[62, 3]  0.4600426  0.43976789 0.28617282  0.02174402  0.96717971
psi[63, 3]  0.4693809  0.45101094 0.28693888  0.02148606  0.97288099
psi[64, 3]  0.4894535  0.48858167 0.28655740  0.02789714  0.97460580
psi[65, 3]  0.4707382  0.45928928 0.28633142  0.01977076  0.96280560
psi[66, 3]  0.4584373  0.43768144 0.28634270  0.01876336  0.96729306
psi[67, 3]  0.4660229  0.44477415 0.28597609  0.02139258  0.96894269
psi[68, 3]  0.4450519  0.42621752 0.28445515  0.01817701  0.96465555
psi[69, 3]  0.4742727  0.46201578 0.28521214  0.02107527  0.97102377
psi[70, 3]  0.4881608  0.48110744 0.28970682  0.02566541  0.96759049
psi[71, 3]  0.4677916  0.44789173 0.29132371  0.01864713  0.97877965
psi[72, 3]  0.4559142  0.43032616 0.28831078  0.01634855  0.96896785
psi[73, 3]  0.4571139  0.43853321 0.28847097  0.01981602  0.96742452
psi[74, 3]  0.4552562  0.42695673 0.28273534  0.01799132  0.96386612
psi[75, 3]  0.4342869  0.41094510 0.27785049  0.02035119  0.96085246
psi[1, 4]   0.6614731  0.69818960 0.23548150  0.16562101  0.98471428
psi[2, 4]   0.6727147  0.71734456 0.23672544  0.16224785  0.98776754
psi[3, 4]   0.6693654  0.71311041 0.23680039  0.15541195  0.98624697
psi[4, 4]   0.6665583  0.70503816 0.23311604  0.15616183  0.98955177
psi[5, 4]   0.4585543  0.43784823 0.28382509  0.01981415  0.96936724
psi[6, 4]   0.4580387  0.43466402 0.28640941  0.01607813  0.97122600
psi[7, 4]   0.6699267  0.70970068 0.23436729  0.16109251  0.99035616
psi[8, 4]   0.4488127  0.42301932 0.28603277  0.02045392  0.96304429
psi[9, 4]   0.4537136  0.42768646 0.28214836  0.01798990  0.96806227
psi[10, 4]  0.4377519  0.40775814 0.28223327  0.01816748  0.95602793
psi[11, 4]  0.6619888  0.69644624 0.23871720  0.14831741  0.98917865
psi[12, 4]  0.4489115  0.41957968 0.28617192  0.02054183  0.96770298
psi[13, 4]  0.6607723  0.69879677 0.23661252  0.15263085  0.98700931
psi[14, 4]  0.4761068  0.46571799 0.28091815  0.02656128  0.96302655
psi[15, 4]  0.4593513  0.43997980 0.28295073  0.01846513  0.96422773
psi[16, 4]  0.4747556  0.46220614 0.28478081  0.02156418  0.96526514
psi[17, 4]  0.4675832  0.45084995 0.28833142  0.02052408  0.96168975
psi[18, 4]  0.4711341  0.46065683 0.28319705  0.02166220  0.96734342
psi[19, 4]  0.4391744  0.40941938 0.28162682  0.01921126  0.96075541
psi[20, 4]  0.4627604  0.43929099 0.28219291  0.02698252  0.96599051
psi[21, 4]  0.4539146  0.43649711 0.27982898  0.01975469  0.95932759
psi[22, 4]  0.4698279  0.45910882 0.28768948  0.01930214  0.97068122
psi[23, 4]  0.4444965  0.42127496 0.28162004  0.01894191  0.96133705
psi[24, 4]  0.4479254  0.42296535 0.28434107  0.02015886  0.96610765
psi[25, 4]  0.4445446  0.42290702 0.28222172  0.01978268  0.95933374
psi[26, 4]  0.4940577  0.48462612 0.28908332  0.02424311  0.97799456
psi[27, 4]  0.4486936  0.42310827 0.27961670  0.01895332  0.96069451
psi[28, 4]  0.4521654  0.43732027 0.28593513  0.01713607  0.96524669
psi[29, 4]  0.4508747  0.43137398 0.28423339  0.01916844  0.96541260
psi[30, 4]  0.4576972  0.43473890 0.28407012  0.01926362  0.96525208
psi[31, 4]  0.6714436  0.71169513 0.23635131  0.16425771  0.99057976
psi[32, 4]  0.4829772  0.47382241 0.28546479  0.02439540  0.97078412
psi[33, 4]  0.4735317  0.46083930 0.28659309  0.02161909  0.96836828
psi[34, 4]  0.4697349  0.45723176 0.28179065  0.02186499  0.96154425
psi[35, 4]  0.4760117  0.46494889 0.29450492  0.01968760  0.97866220
psi[36, 4]  0.4860087  0.47788519 0.28769831  0.02339304  0.97189840
psi[37, 4]  0.4737898  0.46206178 0.28526066  0.02855482  0.97168613
psi[38, 4]  0.4776616  0.46973142 0.28514168  0.02309220  0.97179215
psi[39, 4]  0.4376174  0.41680664 0.28317149  0.01617176  0.95709878
psi[40, 4]  0.4757003  0.46256767 0.28545461  0.02121799  0.97386905
psi[41, 4]  0.4747007  0.46048790 0.28823579  0.02610483  0.97260330
psi[42, 4]  0.4470006  0.41905306 0.28352526  0.01947486  0.96350628
psi[43, 4]  0.4685235  0.44908793 0.28401808  0.02033061  0.96789489
psi[44, 4]  0.4846220  0.47723325 0.28994409  0.01899670  0.97047944
psi[45, 4]  0.4606553  0.43842927 0.28881900  0.01898306  0.96740210
psi[46, 4]  0.4671514  0.44797294 0.28889733  0.01832873  0.97060433
psi[47, 4]  0.4545888  0.43521118 0.28472926  0.02155784  0.96539700
psi[48, 4]  0.6662428  0.70757541 0.23407064  0.16816124  0.98710189
psi[49, 4]  0.4644454  0.44770957 0.28830282  0.02093621  0.97006181
psi[50, 4]  0.6636642  0.69961908 0.23708586  0.15768047  0.98611456
psi[51, 4]  0.4670047  0.45124639 0.28596847  0.02424327  0.96943606
psi[52, 4]  0.4767720  0.46340435 0.28862837  0.02561688  0.97159967
psi[53, 4]  0.4597602  0.43621453 0.28466684  0.02066081  0.96648065
psi[54, 4]  0.6688408  0.70541175 0.23503106  0.16738033  0.99075458
psi[55, 4]  0.4622003  0.44554888 0.28306402  0.02560270  0.96236320
psi[56, 4]  0.6649341  0.70893078 0.23896362  0.14897209  0.98694787
psi[57, 4]  0.4587898  0.43144255 0.28516196  0.02275091  0.97387949
psi[58, 4]  0.4602483  0.43457760 0.28680620  0.01814292  0.96542435
psi[59, 4]  0.4746078  0.46139085 0.29008908  0.01925362  0.97177794
psi[60, 4]  0.6630148  0.70797178 0.24056649  0.14779599  0.98953035
psi[61, 4]  0.4931712  0.49341481 0.28803868  0.02186264  0.97893117
psi[62, 4]  0.4509598  0.42656307 0.28937740  0.01826535  0.97233536
psi[63, 4]  0.4913338  0.48800461 0.28912725  0.02017838  0.97419233
psi[64, 4]  0.4742194  0.46215512 0.28607554  0.01926751  0.97232357
psi[65, 4]  0.4791390  0.46638025 0.28955003  0.02290034  0.96921360
psi[66, 4]  0.4786007  0.47124311 0.28551136  0.02289724  0.97002319
psi[67, 4]  0.4525635  0.43528006 0.28157003  0.02026781  0.96080766
psi[68, 4]  0.4587583  0.43880928 0.28531749  0.01917496  0.96793983
psi[69, 4]  0.4670598  0.45538845 0.28678213  0.02377415  0.97376275
psi[70, 4]  0.5000098  0.49679672 0.28600046  0.02591146  0.97570828
psi[71, 4]  0.4766874  0.46497480 0.28602376  0.02474844  0.96879405
psi[72, 4]  0.4508045  0.42756156 0.28106501  0.01845451  0.95723525
psi[73, 4]  0.4634712  0.44650306 0.29041921  0.01774947  0.97150780
psi[74, 4]  0.4600797  0.44513533 0.28345985  0.02317176  0.96548016
psi[75, 4]  0.4545734  0.42836479 0.28459827  0.01768382  0.96520211
psi[1, 5]   0.6621570  0.69754606 0.23456396  0.15373716  0.98886929
psi[2, 5]   0.4654271  0.44913585 0.28722947  0.01914584  0.96800479
psi[3, 5]   0.4632285  0.43940583 0.28720123  0.02107644  0.96609523
psi[4, 5]   0.6697672  0.70824513 0.23172425  0.16454054  0.98442695
psi[5, 5]   0.4472925  0.41905332 0.28357286  0.02290931  0.97041673
psi[6, 5]   0.4669115  0.45124113 0.28322567  0.02414696  0.97316542
psi[7, 5]   0.4675272  0.45581387 0.28251476  0.02246217  0.96145740
psi[8, 5]   0.4750289  0.46870303 0.28666034  0.01768926  0.96831588
psi[9, 5]   0.4458551  0.42103015 0.28642455  0.01376427  0.96700687
psi[10, 5]  0.4493845  0.43074936 0.28492104  0.02207617  0.96592642
psi[11, 5]  0.6645999  0.70148268 0.23533213  0.16195426  0.98710936
psi[12, 5]  0.4361614  0.40706584 0.28532418  0.01539069  0.96379005
psi[13, 5]  0.4317410  0.40530765 0.28219270  0.02123093  0.96134218
psi[14, 5]  0.4814288  0.46309444 0.28957280  0.01820574  0.97699817
psi[15, 5]  0.4576189  0.43734769 0.28645773  0.02332165  0.96087340
psi[16, 5]  0.4740378  0.46783431 0.28429336  0.02168362  0.97122710
psi[17, 5]  0.4728615  0.46386225 0.29086061  0.02021533  0.96946020
psi[18, 5]  0.4578298  0.44748409 0.28381006  0.01899064  0.96548170
psi[19, 5]  0.4342034  0.40861391 0.27977391  0.01839510  0.96128453
psi[20, 5]  0.4602123  0.44307814 0.28268753  0.01892596  0.96507476
psi[21, 5]  0.4517986  0.42578248 0.28846259  0.02168492  0.96367342
psi[22, 5]  0.4724739  0.46025296 0.28581683  0.01962336  0.96864488
psi[23, 5]  0.4514057  0.43349763 0.28127058  0.02246175  0.95412568
psi[24, 5]  0.4505739  0.42564269 0.28476647  0.01956552  0.96306007
psi[25, 5]  0.4443334  0.42296499 0.28575731  0.01826749  0.96308457
psi[26, 5]  0.4950464  0.48899721 0.29011253  0.02377763  0.97331267
psi[27, 5]  0.4340351  0.40862332 0.28047467  0.01806247  0.96263324
psi[28, 5]  0.4454436  0.42491228 0.28336589  0.01491098  0.96227970
psi[29, 5]  0.4808996  0.47076057 0.28846837  0.02257250  0.97272659
psi[30, 5]  0.4499988  0.42949254 0.28918004  0.01732488  0.97254792
psi[31, 5]  0.4719680  0.45949290 0.29340537  0.02043293  0.97334502
psi[32, 5]  0.4891497  0.48490960 0.28527736  0.02402510  0.97135831
psi[33, 5]  0.4756185  0.45381863 0.28970776  0.01924589  0.96659152
psi[34, 5]  0.4787288  0.46843869 0.28832498  0.01971343  0.97364898
psi[35, 5]  0.4657198  0.45090356 0.28645017  0.02444377  0.96569185
psi[36, 5]  0.4643368  0.44851491 0.28899153  0.02158860  0.97105668
psi[37, 5]  0.4549302  0.43669787 0.28720581  0.01731329  0.97382922
psi[38, 5]  0.4765013  0.46415362 0.28735777  0.02244643  0.96516036
psi[39, 5]  0.4555578  0.43531531 0.28122469  0.02111384  0.97037598
psi[40, 5]  0.4676416  0.45130013 0.28792560  0.01883727  0.97174136
psi[41, 5]  0.4812663  0.47255356 0.28609016  0.02517635  0.97064457
psi[42, 5]  0.4604121  0.43726375 0.28618679  0.01940859  0.96794719
psi[43, 5]  0.4705687  0.45979678 0.28672464  0.02592262  0.96853697
psi[44, 5]  0.4688812  0.45891230 0.28212895  0.02617822  0.96409739
psi[45, 5]  0.4571540  0.43199030 0.28932939  0.01963064  0.96532330
psi[46, 5]  0.4763564  0.46952236 0.28419633  0.02279610  0.96632586
psi[47, 5]  0.4630359  0.43915468 0.28607567  0.02354730  0.96947907
psi[48, 5]  0.4853053  0.48175422 0.28657672  0.02689274  0.97751356
psi[49, 5]  0.4664251  0.44858664 0.28407973  0.02170648  0.97181663
psi[50, 5]  0.4829589  0.46777146 0.29135483  0.02109423  0.97060010
psi[51, 5]  0.4629628  0.45135735 0.28593915  0.01566293  0.96690286
psi[52, 5]  0.4566025  0.43506421 0.28689839  0.01760819  0.97229096
psi[53, 5]  0.4743966  0.45312567 0.28793745  0.02072450  0.96932812
psi[54, 5]  0.6710453  0.71157570 0.23178693  0.17015297  0.98978720
psi[55, 5]  0.4607271  0.44375569 0.28324976  0.02053995  0.96403707
psi[56, 5]  0.6626070  0.70416220 0.24089976  0.14761248  0.98865032
psi[57, 5]  0.4631852  0.43976386 0.28763754  0.01990582  0.97176298
psi[58, 5]  0.4563035  0.43663020 0.28595650  0.01661248  0.96792819
psi[59, 5]  0.4813749  0.47423508 0.28309760  0.02338365  0.96821889
psi[60, 5]  0.4802039  0.46921710 0.28904207  0.02489699  0.96868359
psi[61, 5]  0.4802741  0.47020564 0.28319752  0.02124582  0.96938116
psi[62, 5]  0.4447769  0.41788430 0.28140790  0.01570640  0.95676821
psi[63, 5]  0.4824849  0.47688359 0.28846752  0.02087285  0.97173858
psi[64, 5]  0.4952354  0.49847955 0.28968137  0.02427348  0.97539045
psi[65, 5]  0.4771058  0.46706846 0.28588639  0.02429347  0.96914601
psi[66, 5]  0.4739116  0.46022016 0.28598298  0.02568046  0.96718616
psi[67, 5]  0.4505769  0.42341539 0.28413655  0.02092538  0.96069990
psi[68, 5]  0.6615566  0.70195761 0.23966051  0.14457208  0.98557252
psi[69, 5]  0.4625210  0.44979518 0.28573041  0.01868600  0.96504457
psi[70, 5]  0.4885187  0.47834135 0.28742871  0.02319830  0.97125283
psi[71, 5]  0.4814461  0.46749956 0.29013821  0.01976245  0.97703242
psi[72, 5]  0.4344415  0.40374689 0.28242121  0.02291935  0.96895697
psi[73, 5]  0.6716098  0.71442294 0.23566687  0.15170765  0.98887509
psi[74, 5]  0.4524166  0.42642372 0.28311457  0.01988958  0.96139962
psi[75, 5]  0.6691201  0.71340638 0.23771463  0.15443973  0.98962101
Potential scale reduction factors:

           Point est. Upper C.I.
beta0            1.00       1.00
p[1]             1.00       1.00
p[2]             1.00       1.00
p[3]             1.00       1.00
p[4]             1.00       1.00
p[5]             1.00       1.00
p[6]             1.00       1.00
p[7]             1.00       1.00
p[8]             1.00       1.00
p[9]             1.00       1.00
p[10]            1.00       1.00
p[11]            1.00       1.00
p[12]            1.00       1.00
p[13]            1.00       1.00
p[14]            1.00       1.00
p[15]            1.00       1.00
p[16]            1.00       1.00
p[17]            1.00       1.00
p[18]            1.00       1.00
p[19]            1.00       1.00
p[20]            1.00       1.00
p[21]            1.00       1.00
p[22]            1.00       1.00
p[23]            1.00       1.00
p[24]            1.00       1.00
p[25]            1.00       1.00
p[26]            1.00       1.00
p[27]            1.00       1.00
p[28]            1.00       1.00
p[29]            1.00       1.00
p[30]            1.00       1.00
p[31]            1.00       1.00
p[32]            1.00       1.00
p[33]            1.00       1.00
p[34]            1.00       1.00
p[35]            1.00       1.00
p[36]            1.00       1.00
p[37]            1.00       1.00
p[38]            1.00       1.00
p[39]            1.00       1.00
p[40]            1.00       1.00
p[41]            1.00       1.00
p[42]            1.00       1.00
p[43]            1.00       1.00
p[44]            1.00       1.00
p[45]            1.00       1.00
p[46]            1.00       1.00
p[47]            1.00       1.00
p[48]            1.00       1.00
p[49]            1.00       1.00
p[50]            1.00       1.00
p[51]            1.00       1.00
p[52]            1.00       1.00
p[53]            1.00       1.00
p[54]            1.00       1.00
p[55]            1.00       1.00
p[56]            1.00       1.00
p[57]            1.00       1.00
p[58]            1.00       1.00
p[59]            1.00       1.00
p[60]            1.00       1.00
p[61]            1.00       1.00
p[62]            1.00       1.00
p[63]            1.00       1.00
p[64]            1.00       1.00
p[65]            1.00       1.00
p[66]            1.00       1.00
p[67]            1.00       1.00
p[68]            1.00       1.00
p[69]            1.00       1.00
p[70]            1.00       1.00
p[71]            1.00       1.00
p[72]            1.00       1.00
p[73]            1.00       1.00
p[74]            1.00       1.00
p[75]            1.00       1.00
psi[1, 1]        1.00       1.01
psi[2, 1]        1.00       1.00
psi[3, 1]        1.00       1.00
psi[4, 1]        1.01       1.03
psi[5, 1]        1.00       1.00
psi[6, 1]        1.00       1.00
psi[7, 1]        1.00       1.00
psi[8, 1]        1.00       1.00
psi[9, 1]        1.00       1.01
psi[10, 1]       1.00       1.01
psi[11, 1]       1.01       1.02
psi[12, 1]       1.00       1.01
psi[13, 1]       1.00       1.00
psi[14, 1]       1.00       1.00
psi[15, 1]       1.00       1.01
psi[16, 1]       1.00       1.01
psi[17, 1]       1.00       1.01
psi[18, 1]       1.00       1.01
psi[19, 1]       1.00       1.00
psi[20, 1]       1.00       1.00
psi[21, 1]       1.00       1.01
psi[22, 1]       1.00       1.00
psi[23, 1]       1.01       1.02
psi[24, 1]       1.00       1.01
psi[25, 1]       1.00       1.01
psi[26, 1]       1.01       1.02
psi[27, 1]       1.00       1.01
psi[28, 1]       1.00       1.00
psi[29, 1]       1.00       1.00
psi[30, 1]       1.00       1.00
psi[31, 1]       1.00       1.02
psi[32, 1]       1.00       1.01
psi[33, 1]       1.01       1.03
psi[34, 1]       1.00       1.00
psi[35, 1]       1.00       1.01
psi[36, 1]       1.00       1.00
psi[37, 1]       1.00       1.01
psi[38, 1]       1.01       1.03
psi[39, 1]       1.00       1.01
psi[40, 1]       1.00       1.01
psi[41, 1]       1.00       1.01
psi[42, 1]       1.00       1.00
psi[43, 1]       1.00       1.00
psi[44, 1]       1.00       1.00
psi[45, 1]       1.00       1.01
psi[46, 1]       1.01       1.02
psi[47, 1]       1.00       1.00
psi[48, 1]       1.00       1.01
psi[49, 1]       1.00       1.00
psi[50, 1]       1.00       1.00
psi[51, 1]       1.00       1.00
psi[52, 1]       1.00       1.00
psi[53, 1]       1.01       1.02
psi[54, 1]       1.00       1.01
psi[55, 1]       1.00       1.00
psi[56, 1]       1.00       1.00
psi[57, 1]       1.00       1.01
psi[58, 1]       1.00       1.00
psi[59, 1]       1.00       1.00
psi[60, 1]       1.00       1.00
psi[61, 1]       1.00       1.00
psi[62, 1]       1.00       1.01
psi[63, 1]       1.00       1.01
psi[64, 1]       1.00       1.00
psi[65, 1]       1.00       1.00
psi[66, 1]       1.00       1.00
psi[67, 1]       1.00       1.01
psi[68, 1]       1.00       1.00
psi[69, 1]       1.00       1.00
psi[70, 1]       1.00       1.00
psi[71, 1]       1.00       1.00
psi[72, 1]       1.00       1.01
psi[73, 1]       1.00       1.01
psi[74, 1]       1.00       1.02
psi[75, 1]       1.00       1.01
psi[1, 2]        1.00       1.01
psi[2, 2]        1.00       1.01
psi[3, 2]        1.00       1.00
psi[4, 2]        1.00       1.00
psi[5, 2]        1.00       1.00
psi[6, 2]        1.00       1.01
psi[7, 2]        1.00       1.01
psi[8, 2]        1.01       1.02
psi[9, 2]        1.00       1.01
psi[10, 2]       1.00       1.00
psi[11, 2]       1.00       1.01
psi[12, 2]       1.00       1.01
psi[13, 2]       1.00       1.00
psi[14, 2]       1.00       1.00
psi[15, 2]       1.00       1.01
psi[16, 2]       1.00       1.00
psi[17, 2]       1.00       1.01
psi[18, 2]       1.01       1.03
psi[19, 2]       1.00       1.01
psi[20, 2]       1.00       1.00
psi[21, 2]       1.00       1.01
psi[22, 2]       1.01       1.03
psi[23, 2]       1.00       1.00
psi[24, 2]       1.01       1.02
psi[25, 2]       1.01       1.02
psi[26, 2]       1.00       1.02
psi[27, 2]       1.00       1.01
psi[28, 2]       1.00       1.01
psi[29, 2]       1.01       1.02
psi[30, 2]       1.00       1.00
psi[31, 2]       1.00       1.01
psi[32, 2]       1.00       1.00
psi[33, 2]       1.00       1.00
psi[34, 2]       1.00       1.01
psi[35, 2]       1.00       1.00
psi[36, 2]       1.00       1.00
psi[37, 2]       1.01       1.02
psi[38, 2]       1.02       1.06
psi[39, 2]       1.00       1.01
psi[40, 2]       1.00       1.00
psi[41, 2]       1.00       1.02
psi[42, 2]       1.00       1.01
psi[43, 2]       1.00       1.01
psi[44, 2]       1.00       1.00
psi[45, 2]       1.01       1.02
psi[46, 2]       1.00       1.01
psi[47, 2]       1.00       1.01
psi[48, 2]       1.01       1.02
psi[49, 2]       1.00       1.00
psi[50, 2]       1.01       1.02
psi[51, 2]       1.00       1.00
psi[52, 2]       1.00       1.00
psi[53, 2]       1.00       1.00
psi[54, 2]       1.00       1.00
psi[55, 2]       1.00       1.00
psi[56, 2]       1.01       1.04
psi[57, 2]       1.00       1.01
psi[58, 2]       1.00       1.02
psi[59, 2]       1.01       1.04
psi[60, 2]       1.00       1.01
psi[61, 2]       1.02       1.06
psi[62, 2]       1.01       1.02
psi[63, 2]       1.00       1.01
psi[64, 2]       1.00       1.01
psi[65, 2]       1.00       1.01
psi[66, 2]       1.00       1.00
psi[67, 2]       1.00       1.01
psi[68, 2]       1.02       1.05
psi[69, 2]       1.00       1.00
psi[70, 2]       1.00       1.01
psi[71, 2]       1.00       1.01
psi[72, 2]       1.01       1.02
psi[73, 2]       1.00       1.01
psi[74, 2]       1.00       1.00
psi[75, 2]       1.00       1.00
psi[1, 3]        1.00       1.00
psi[2, 3]        1.00       1.00
psi[3, 3]        1.00       1.01
psi[4, 3]        1.00       1.00
psi[5, 3]        1.00       1.01
psi[6, 3]        1.00       1.00
psi[7, 3]        1.00       1.00
psi[8, 3]        1.01       1.03
psi[9, 3]        1.00       1.01
psi[10, 3]       1.00       1.00
psi[11, 3]       1.00       1.01
psi[12, 3]       1.00       1.00
psi[13, 3]       1.00       1.01
psi[14, 3]       1.00       1.00
psi[15, 3]       1.00       1.00
psi[16, 3]       1.00       1.00
psi[17, 3]       1.00       1.01
psi[18, 3]       1.00       1.00
psi[19, 3]       1.01       1.02
psi[20, 3]       1.01       1.03
psi[21, 3]       1.01       1.02
psi[22, 3]       1.00       1.00
psi[23, 3]       1.01       1.02
psi[24, 3]       1.00       1.01
psi[25, 3]       1.00       1.00
psi[26, 3]       1.00       1.02
psi[27, 3]       1.00       1.00
psi[28, 3]       1.00       1.00
psi[29, 3]       1.00       1.01
psi[30, 3]       1.00       1.01
psi[31, 3]       1.00       1.01
psi[32, 3]       1.00       1.00
psi[33, 3]       1.00       1.01
psi[34, 3]       1.00       1.00
psi[35, 3]       1.01       1.03
psi[36, 3]       1.00       1.01
psi[37, 3]       1.00       1.00
psi[38, 3]       1.00       1.01
psi[39, 3]       1.00       1.01
psi[40, 3]       1.00       1.00
psi[41, 3]       1.00       1.01
psi[42, 3]       1.00       1.00
psi[43, 3]       1.00       1.01
psi[44, 3]       1.00       1.00
psi[45, 3]       1.01       1.02
psi[46, 3]       1.00       1.01
psi[47, 3]       1.00       1.00
psi[48, 3]       1.00       1.01
psi[49, 3]       1.00       1.00
psi[50, 3]       1.01       1.03
psi[51, 3]       1.00       1.01
psi[52, 3]       1.00       1.00
psi[53, 3]       1.00       1.01
psi[54, 3]       1.00       1.01
psi[55, 3]       1.00       1.00
psi[56, 3]       1.00       1.01
psi[57, 3]       1.00       1.00
psi[58, 3]       1.00       1.00
psi[59, 3]       1.00       1.01
psi[60, 3]       1.00       1.00
psi[61, 3]       1.00       1.00
psi[62, 3]       1.00       1.00
psi[63, 3]       1.00       1.00
psi[64, 3]       1.01       1.02
psi[65, 3]       1.00       1.01
psi[66, 3]       1.00       1.01
psi[67, 3]       1.01       1.03
psi[68, 3]       1.00       1.00
psi[69, 3]       1.00       1.00
psi[70, 3]       1.01       1.02
psi[71, 3]       1.00       1.00
psi[72, 3]       1.00       1.00
psi[73, 3]       1.00       1.00
psi[74, 3]       1.00       1.01
psi[75, 3]       1.00       1.01
psi[1, 4]        1.00       1.00
psi[2, 4]        1.00       1.01
psi[3, 4]        1.00       1.01
psi[4, 4]        1.00       1.00
psi[5, 4]        1.00       1.00
psi[6, 4]        1.00       1.00
psi[7, 4]        1.00       1.00
psi[8, 4]        1.00       1.00
psi[9, 4]        1.00       1.01
psi[10, 4]       1.00       1.00
psi[11, 4]       1.01       1.02
psi[12, 4]       1.00       1.00
psi[13, 4]       1.00       1.01
psi[14, 4]       1.00       1.01
psi[15, 4]       1.01       1.03
psi[16, 4]       1.00       1.00
psi[17, 4]       1.00       1.00
psi[18, 4]       1.00       1.00
psi[19, 4]       1.01       1.04
psi[20, 4]       1.00       1.00
psi[21, 4]       1.00       1.00
psi[22, 4]       1.01       1.02
psi[23, 4]       1.00       1.01
psi[24, 4]       1.00       1.01
psi[25, 4]       1.00       1.01
psi[26, 4]       1.00       1.00
psi[27, 4]       1.00       1.00
psi[28, 4]       1.00       1.00
psi[29, 4]       1.00       1.01
psi[30, 4]       1.00       1.00
psi[31, 4]       1.00       1.01
psi[32, 4]       1.00       1.00
psi[33, 4]       1.00       1.00
psi[34, 4]       1.00       1.01
psi[35, 4]       1.00       1.01
psi[36, 4]       1.00       1.01
psi[37, 4]       1.01       1.02
psi[38, 4]       1.00       1.01
psi[39, 4]       1.00       1.01
psi[40, 4]       1.00       1.01
psi[41, 4]       1.00       1.02
psi[42, 4]       1.01       1.02
psi[43, 4]       1.00       1.00
psi[44, 4]       1.00       1.01
psi[45, 4]       1.00       1.00
psi[46, 4]       1.00       1.01
psi[47, 4]       1.00       1.01
psi[48, 4]       1.00       1.00
psi[49, 4]       1.00       1.01
psi[50, 4]       1.01       1.02
psi[51, 4]       1.00       1.00
psi[52, 4]       1.00       1.01
psi[53, 4]       1.00       1.01
psi[54, 4]       1.00       1.00
psi[55, 4]       1.00       1.00
psi[56, 4]       1.00       1.02
psi[57, 4]       1.01       1.03
psi[58, 4]       1.00       1.01
psi[59, 4]       1.00       1.01
psi[60, 4]       1.00       1.01
psi[61, 4]       1.00       1.02
psi[62, 4]       1.00       1.00
psi[63, 4]       1.00       1.00
psi[64, 4]       1.00       1.01
psi[65, 4]       1.01       1.02
psi[66, 4]       1.00       1.01
psi[67, 4]       1.00       1.01
psi[68, 4]       1.00       1.00
psi[69, 4]       1.00       1.01
psi[70, 4]       1.01       1.02
psi[71, 4]       1.00       1.00
psi[72, 4]       1.00       1.01
psi[73, 4]       1.00       1.00
psi[74, 4]       1.00       1.01
psi[75, 4]       1.01       1.02
psi[1, 5]        1.00       1.01
psi[2, 5]        1.01       1.02
psi[3, 5]        1.00       1.01
psi[4, 5]        1.00       1.00
psi[5, 5]        1.00       1.00
psi[6, 5]        1.00       1.00
psi[7, 5]        1.00       1.01
psi[8, 5]        1.00       1.00
psi[9, 5]        1.00       1.00
psi[10, 5]       1.00       1.01
psi[11, 5]       1.00       1.00
psi[12, 5]       1.00       1.00
psi[13, 5]       1.00       1.00
psi[14, 5]       1.00       1.01
psi[15, 5]       1.00       1.01
psi[16, 5]       1.00       1.00
psi[17, 5]       1.00       1.00
psi[18, 5]       1.00       1.00
psi[19, 5]       1.00       1.00
psi[20, 5]       1.00       1.00
psi[21, 5]       1.01       1.04
psi[22, 5]       1.01       1.02
psi[23, 5]       1.00       1.00
psi[24, 5]       1.00       1.01
psi[25, 5]       1.01       1.03
psi[26, 5]       1.00       1.01
psi[27, 5]       1.01       1.02
psi[28, 5]       1.00       1.00
psi[29, 5]       1.00       1.00
psi[30, 5]       1.00       1.00
psi[31, 5]       1.00       1.00
psi[32, 5]       1.00       1.02
psi[33, 5]       1.00       1.00
psi[34, 5]       1.01       1.03
psi[35, 5]       1.00       1.00
psi[36, 5]       1.00       1.00
psi[37, 5]       1.00       1.01
psi[38, 5]       1.00       1.00
psi[39, 5]       1.00       1.00
psi[40, 5]       1.00       1.00
psi[41, 5]       1.01       1.03
psi[42, 5]       1.00       1.00
psi[43, 5]       1.00       1.00
psi[44, 5]       1.00       1.00
psi[45, 5]       1.00       1.00
psi[46, 5]       1.01       1.03
psi[47, 5]       1.00       1.01
psi[48, 5]       1.00       1.00
psi[49, 5]       1.01       1.02
psi[50, 5]       1.00       1.01
psi[51, 5]       1.00       1.01
psi[52, 5]       1.01       1.02
psi[53, 5]       1.00       1.00
psi[54, 5]       1.00       1.00
psi[55, 5]       1.00       1.01
psi[56, 5]       1.00       1.01
psi[57, 5]       1.00       1.00
psi[58, 5]       1.00       1.01
psi[59, 5]       1.01       1.02
psi[60, 5]       1.00       1.00
psi[61, 5]       1.00       1.00
psi[62, 5]       1.00       1.01
psi[63, 5]       1.00       1.00
psi[64, 5]       1.01       1.02
psi[65, 5]       1.00       1.00
psi[66, 5]       1.00       1.01
psi[67, 5]       1.00       1.00
psi[68, 5]       1.00       1.01
psi[69, 5]       1.00       1.00
psi[70, 5]       1.00       1.01
psi[71, 5]       1.00       1.00
psi[72, 5]       1.00       1.00
psi[73, 5]       1.01       1.02
psi[74, 5]       1.00       1.01
psi[75, 5]       1.00       1.00

