              Mean     Median     St.Dev.  95%CI_low  95%CI_upp
p       0.02668702 0.02653782 0.003386415 0.02048986 0.03379825
psi[1]  0.66326164 0.69941472 0.237442488 0.14793233 0.98552124
psi[2]  0.66558701 0.70852117 0.238755783 0.15924175 0.98963198
psi[3]  0.66277245 0.70355760 0.239716852 0.14613462 0.99016896
psi[4]  0.66838811 0.70935129 0.235874229 0.15461041 0.98672015
psi[5]  0.35285237 0.30990976 0.250016318 0.01485966 0.88658796
psi[6]  0.66900578 0.70911365 0.231796433 0.16797578 0.98685626
psi[7]  0.65708709 0.69828795 0.236288412 0.14958693 0.98528824
psi[8]  0.35907179 0.31700235 0.251045503 0.01485972 0.88487139
psi[9]  0.66581070 0.70640694 0.238451662 0.14052538 0.98850556
psi[10] 0.66655346 0.70446110 0.234163219 0.15871647 0.98500424
psi[11] 0.67267851 0.71219683 0.237413473 0.15378431 0.98821822
psi[12] 0.34549873 0.30316534 0.245252753 0.01286338 0.86944395
psi[13] 0.67174135 0.71660063 0.233608951 0.15562734 0.98906822
psi[14] 0.67499526 0.71591926 0.231148944 0.16488013 0.98527633
psi[15] 0.35540388 0.31291595 0.250217472 0.01395090 0.89719753
psi[16] 0.38607160 0.35253052 0.263503677 0.01390325 0.91881165
psi[17] 0.39254868 0.34945060 0.266180673 0.01620707 0.93358342
psi[18] 0.36111779 0.32098981 0.253255023 0.01284378 0.90629649
psi[19] 0.67589040 0.71460650 0.232418981 0.16923887 0.98669962
psi[20] 0.35623254 0.31280631 0.253991902 0.01243802 0.89683987
psi[21] 0.35938208 0.31718895 0.249965916 0.01126005 0.88801864
psi[22] 0.39964101 0.36293411 0.271654251 0.01534856 0.94130591
psi[23] 0.34284531 0.30177601 0.239716551 0.01217422 0.86116366
psi[24] 0.34552341 0.30418561 0.242949875 0.01580940 0.86792744
psi[25] 0.33742829 0.29728498 0.240474146 0.01424201 0.85820297
psi[26] 0.48423791 0.47551571 0.286759509 0.02446509 0.97120341
psi[27] 0.34533439 0.30901704 0.241524703 0.01391824 0.86699413
psi[28] 0.34928934 0.30294569 0.244221000 0.01618184 0.87001282
psi[29] 0.37643079 0.33330744 0.260136608 0.01416882 0.91505979
psi[30] 0.67379110 0.71785082 0.233170690 0.16974373 0.98466059
psi[31] 0.66658682 0.71120201 0.237100133 0.14848407 0.98800404
psi[32] 0.40876617 0.38065922 0.272853964 0.01656041 0.94339869
psi[33] 0.65648921 0.69355274 0.238274705 0.15330164 0.98612118
psi[34] 0.40645420 0.36446967 0.276306458 0.01669779 0.95424967
psi[35] 0.66701691 0.70848787 0.235390261 0.15586102 0.98714087
psi[36] 0.38759735 0.34536802 0.265064019 0.01470571 0.92754175
psi[37] 0.68127769 0.72686626 0.234069847 0.16782807 0.98918728
psi[38] 0.65872312 0.69486650 0.233003488 0.16713089 0.98615631
psi[39] 0.66974366 0.71284207 0.237127290 0.15228938 0.98798093
psi[40] 0.38181958 0.33663604 0.270284835 0.01268066 0.93891346
psi[41] 0.66392466 0.70539687 0.237795200 0.16288458 0.98737315
psi[42] 0.35353880 0.30800785 0.248990715 0.01322186 0.89586597
psi[43] 0.37988818 0.33576891 0.265221368 0.01556228 0.93132272
psi[44] 0.38411022 0.34844323 0.260486446 0.01374916 0.92415055
psi[45] 0.36182150 0.31915986 0.254212573 0.01228131 0.89193919
psi[46] 0.36639926 0.32436527 0.257179726 0.01178349 0.92254199
psi[47] 0.35345559 0.31015905 0.249115131 0.01104221 0.87266948
psi[48] 0.66756625 0.70569085 0.238354534 0.14201355 0.98835359
psi[49] 0.36671289 0.32180177 0.258183915 0.01319994 0.91440995
psi[50] 0.66231312 0.70032437 0.235677577 0.15024191 0.98462461
psi[51] 0.38649721 0.35017778 0.262373274 0.01569924 0.92325930
psi[52] 0.38162900 0.33769538 0.263510077 0.01388504 0.92486530
psi[53] 0.37581324 0.33584302 0.260504276 0.01269412 0.92759217
psi[54] 0.66350454 0.70119046 0.237414716 0.15087353 0.98861495
psi[55] 0.36385450 0.32500565 0.253283713 0.01436795 0.90392257
psi[56] 0.66075902 0.69886654 0.234253249 0.16061688 0.98763286
psi[57] 0.35467964 0.31015525 0.247486688 0.01520135 0.89059870
psi[58] 0.36806534 0.32221558 0.258816920 0.01299882 0.91526565
psi[59] 0.41273300 0.37566510 0.274675080 0.01586811 0.95519738
psi[60] 0.65902824 0.69826016 0.239198822 0.14288837 0.98647877
psi[61] 0.66153452 0.70218685 0.239021945 0.15465114 0.98763722
psi[62] 0.35158675 0.30905568 0.247931113 0.01358751 0.88770785
psi[63] 0.40572436 0.36411015 0.270363577 0.01745397 0.93398444
psi[64] 0.42774128 0.40375844 0.274572025 0.01571779 0.95352186
psi[65] 0.37501459 0.32957128 0.261316499 0.01586322 0.92631685
psi[66] 0.38099606 0.33614276 0.266967756 0.01224086 0.93749525
psi[67] 0.36054561 0.32076385 0.248256971 0.01487595 0.87873908
psi[68] 0.66464474 0.70444238 0.232680747 0.15981519 0.98676662
psi[69] 0.37845257 0.33359561 0.263369682 0.01426868 0.92935700
psi[70] 0.49009296 0.48216351 0.291029753 0.02346419 0.97591589
psi[71] 0.41146807 0.37567220 0.274775794 0.01668601 0.94551574
psi[72] 0.34159164 0.30532241 0.243246406 0.01123299 0.86416052
psi[73] 0.65692491 0.69464612 0.237201677 0.15167111 0.98584728
psi[74] 0.35844771 0.31973792 0.245799824 0.01781104 0.88613562
psi[75] 0.65511348 0.69018608 0.239400814 0.14737820 0.98807393
Potential scale reduction factors:

        Point est. Upper C.I.
p             1.00       1.00
psi[1]        1.00       1.00
psi[2]        1.00       1.01
psi[3]        1.00       1.01
psi[4]        1.00       1.01
psi[5]        1.00       1.01
psi[6]        1.00       1.01
psi[7]        1.00       1.00
psi[8]        1.00       1.00
psi[9]        1.00       1.00
psi[10]       1.00       1.02
psi[11]       1.00       1.00
psi[12]       1.00       1.01
psi[13]       1.00       1.00
psi[14]       1.00       1.00
psi[15]       1.00       1.00
psi[16]       1.00       1.00
psi[17]       1.00       1.01
psi[18]       1.00       1.00
psi[19]       1.00       1.00
psi[20]       1.00       1.00
psi[21]       1.00       1.00
psi[22]       1.00       1.01
psi[23]       1.00       1.00
psi[24]       1.00       1.01
psi[25]       1.00       1.00
psi[26]       1.00       1.01
psi[27]       1.00       1.00
psi[28]       1.00       1.00
psi[29]       1.00       1.00
psi[30]       1.00       1.02
psi[31]       1.00       1.00
psi[32]       1.00       1.00
psi[33]       1.00       1.01
psi[34]       1.00       1.00
psi[35]       1.00       1.00
psi[36]       1.00       1.00
psi[37]       1.00       1.01
psi[38]       1.00       1.01
psi[39]       1.00       1.00
psi[40]       1.00       1.00
psi[41]       1.00       1.01
psi[42]       1.00       1.01
psi[43]       1.00       1.00
psi[44]       1.01       1.03
psi[45]       1.00       1.01
psi[46]       1.00       1.00
psi[47]       1.00       1.00
psi[48]       1.00       1.00
psi[49]       1.00       1.00
psi[50]       1.00       1.01
psi[51]       1.00       1.01
psi[52]       1.01       1.02
psi[53]       1.00       1.01
psi[54]       1.00       1.00
psi[55]       1.00       1.01
psi[56]       1.00       1.00
psi[57]       1.00       1.00
psi[58]       1.00       1.00
psi[59]       1.00       1.00
psi[60]       1.00       1.01
psi[61]       1.00       1.00
psi[62]       1.00       1.00
psi[63]       1.00       1.00
psi[64]       1.00       1.01
psi[65]       1.00       1.01
psi[66]       1.00       1.00
psi[67]       1.01       1.02
psi[68]       1.00       1.01
psi[69]       1.00       1.00
psi[70]       1.01       1.04
psi[71]       1.00       1.01
psi[72]       1.00       1.01
psi[73]       1.00       1.00
psi[74]       1.00       1.01
psi[75]       1.00       1.01

Multivariate psrf

1.05
